V  I  J

7.04659E-1	2.11582E-1	5.28954E+1	5.47503E+2
7.02251E-1	1.22812E-1	3.07030E+1	5.47587E+2
6.99832E-1	6.92132E-2	1.73033E+1	5.47671E+2
6.96860E-1	9.76464E-8	2.44116E-5	5.48040E+2
6.94285E-1	-1.73752E-2	-4.34379E+0	5.48387E+2
6.91850E-1	-3.14562E-2	-7.86406E+0	5.48471E+2
6.89059E-1	-4.45268E-2	-1.11317E+1	5.48555E+2
6.86611E-1	-5.50456E-2	-1.37614E+1	5.48639E+2
6.84167E-1	-6.40832E-2	-1.60208E+1	5.48723E+2
6.81241E-1	-7.48536E-2	-1.87134E+1	5.48894E+2
6.78826E-1	-8.21932E-2	-2.05483E+1	5.48978E+2
6.76418E-1	-8.82612E-2	-2.20653E+1	5.49062E+2
6.73659E-1	-9.46184E-2	-2.36546E+1	5.49146E+2
6.71251E-1	-9.95416E-2	-2.48854E+1	5.49229E+2
6.68836E-1	-1.04012E-1	-2.60031E+1	5.49313E+2
6.65741E-1	-1.09069E-1	-2.72672E+1	5.49397E+2
6.63331E-1	-1.12624E-1	-2.81561E+1	5.49481E+2
6.60913E-1	-1.15755E-1	-2.89387E+1	5.49565E+2
6.58157E-1	-1.19171E-1	-2.97928E+1	5.49649E+2
6.55741E-1	-1.21604E-1	-3.04009E+1	5.49733E+2
6.53325E-1	-1.24003E-1	-3.10008E+1	5.49817E+2
6.50230E-1	-1.26613E-1	-3.16533E+1	5.49901E+2
6.47833E-1	-1.28531E-1	-3.21327E+1	5.49985E+2
6.45408E-1	-1.30190E-1	-3.25476E+1	5.50069E+2
6.42653E-1	-1.32002E-1	-3.30005E+1	5.50153E+2
6.40233E-1	-1.33394E-1	-3.33486E+1	5.50237E+2
6.37827E-1	-1.34586E-1	-3.36466E+1	5.50321E+2
6.34725E-1	-1.36076E-1	-3.40190E+1	5.50405E+2
6.32307E-1	-1.37174E-1	-3.42934E+1	5.50489E+2
6.29900E-1	-1.38108E-1	-3.45269E+1	5.50573E+2
6.27220E-1	-1.39138E-1	-3.47844E+1	5.50657E+2
6.24813E-1	-1.39957E-1	-3.49893E+1	5.50741E+2
6.22390E-1	-1.40680E-1	-3.51699E+1	5.50825E+2
6.19298E-1	-1.41610E-1	-3.54025E+1	5.50909E+2
6.16885E-1	-1.42249E-1	-3.55622E+1	5.50993E+2
6.14478E-1	-1.42814E-1	-3.57034E+1	5.51077E+2
6.11727E-1	-1.43459E-1	-3.58647E+1	5.51161E+2
6.09312E-1	-1.43991E-1	-3.59977E+1	5.51245E+2
6.06912E-1	-1.44427E-1	-3.61068E+1	5.51329E+2
6.03810E-1	-1.45032E-1	-3.62581E+1	5.51413E+2
6.01407E-1	-1.45459E-1	-3.63648E+1	5.51497E+2
5.98992E-1	-1.45892E-1	-3.64729E+1	5.51581E+2
5.96235E-1	-1.46232E-1	-3.65580E+1	5.51665E+2
5.93809E-1	-1.46525E-1	-3.66313E+1	5.51749E+2
5.91412E-1	-1.46859E-1	-3.67148E+1	5.51833E+2
5.88298E-1	-1.47286E-1	-3.68215E+1	5.51917E+2
5.85885E-1	-1.47524E-1	-3.68811E+1	5.52001E+2
5.83474E-1	-1.47748E-1	-3.69371E+1	5.52085E+2
5.80720E-1	-1.47944E-1	-3.69860E+1	5.52169E+2
5.78309E-1	-1.48211E-1	-3.70528E+1	5.52253E+2
5.75902E-1	-1.48475E-1	-3.71188E+1	5.52337E+2
5.72797E-1	-1.48638E-1	-3.71596E+1	5.52421E+2
5.70396E-1	-1.48843E-1	-3.72107E+1	5.52505E+2
5.67975E-1	-1.48965E-1	-3.72412E+1	5.52589E+2
5.65221E-1	-1.49195E-1	-3.72987E+1	5.52673E+2
5.62819E-1	-1.49342E-1	-3.73354E+1	5.52757E+2
5.60412E-1	-1.49554E-1	-3.73885E+1	5.52841E+2
5.57308E-1	-1.49689E-1	-3.74223E+1	5.52925E+2
5.54901E-1	-1.49772E-1	-3.74430E+1	5.53009E+2
5.52489E-1	-1.49988E-1	-3.74969E+1	5.53093E+2
5.49723E-1	-1.50046E-1	-3.75116E+1	5.53177E+2
5.47322E-1	-1.50172E-1	-3.75429E+1	5.53261E+2
5.44895E-1	-1.50314E-1	-3.75786E+1	5.53345E+2
5.41799E-1	-1.50374E-1	-3.75935E+1	5.53429E+2
5.39406E-1	-1.50473E-1	-3.76183E+1	5.53513E+2
5.36992E-1	-1.50544E-1	-3.76359E+1	5.53597E+2
5.34241E-1	-1.50619E-1	-3.76548E+1	5.53681E+2
5.31833E-1	-1.50624E-1	-3.76559E+1	5.53765E+2
5.29417E-1	-1.50746E-1	-3.76865E+1	5.53849E+2
5.26310E-1	-1.50827E-1	-3.77068E+1	5.53933E+2
5.23903E-1	-1.50819E-1	-3.77047E+1	5.54017E+2
5.21497E-1	-1.50923E-1	-3.77307E+1	5.54101E+2
5.18745E-1	-1.50942E-1	-3.77355E+1	5.54185E+2
5.16337E-1	-1.51076E-1	-3.77689E+1	5.54269E+2
5.13928E-1	-1.51093E-1	-3.77733E+1	5.54353E+2
5.10826E-1	-1.51203E-1	-3.78008E+1	5.54437E+2
5.08414E-1	-1.51240E-1	-3.78101E+1	5.54521E+2
5.05997E-1	-1.51235E-1	-3.78087E+1	5.54604E+2
5.03242E-1	-1.51141E-1	-3.77852E+1	5.54688E+2
5.00824E-1	-1.51281E-1	-3.78203E+1	5.54772E+2
4.98405E-1	-1.51339E-1	-3.78347E+1	5.54856E+2
4.95311E-1	-1.51412E-1	-3.78530E+1	5.54940E+2
4.92905E-1	-1.51349E-1	-3.78372E+1	5.55024E+2
4.90494E-1	-1.51432E-1	-3.78579E+1	5.55108E+2
4.87732E-1	-1.51469E-1	-3.78673E+1	5.55192E+2
4.85317E-1	-1.51513E-1	-3.78783E+1	5.55276E+2
4.82913E-1	-1.51458E-1	-3.78646E+1	5.55360E+2
4.79803E-1	-1.51486E-1	-3.78714E+1	5.55444E+2
4.77392E-1	-1.51596E-1	-3.78989E+1	5.55528E+2
4.74999E-1	-1.51407E-1	-3.78518E+1	5.55612E+2
4.72236E-1	-1.51404E-1	-3.78509E+1	5.55696E+2
4.69828E-1	-1.51498E-1	-3.78746E+1	5.55780E+2
4.67419E-1	-1.51524E-1	-3.78811E+1	5.55864E+2
4.64311E-1	-1.51557E-1	-3.78893E+1	5.55948E+2
4.61901E-1	-1.51620E-1	-3.79051E+1	5.56032E+2
4.59494E-1	-1.51534E-1	-3.78835E+1	5.56116E+2
4.56723E-1	-1.51665E-1	-3.79163E+1	5.56200E+2
4.54320E-1	-1.51606E-1	-3.79016E+1	5.56284E+2
4.51918E-1	-1.51673E-1	-3.79182E+1	5.56368E+2
4.48819E-1	-1.51671E-1	-3.79178E+1	5.56452E+2
4.46408E-1	-1.51664E-1	-3.79160E+1	5.56536E+2
4.43993E-1	-1.51678E-1	-3.79196E+1	5.56620E+2
4.41226E-1	-1.51719E-1	-3.79297E+1	5.56704E+2
4.38831E-1	-1.51651E-1	-3.79128E+1	5.56788E+2
4.36415E-1	-1.51632E-1	-3.79081E+1	5.56872E+2
4.33315E-1	-1.51577E-1	-3.78942E+1	5.56956E+2
4.30914E-1	-1.51631E-1	-3.79078E+1	5.57040E+2
4.28508E-1	-1.51600E-1	-3.79000E+1	5.57124E+2
4.25750E-1	-1.51608E-1	-3.79019E+1	5.57208E+2
4.23338E-1	-1.51646E-1	-3.79116E+1	5.57292E+2
4.20923E-1	-1.51708E-1	-3.79270E+1	5.57376E+2
4.17810E-1	-1.51716E-1	-3.79290E+1	5.57460E+2
4.15401E-1	-1.51667E-1	-3.79168E+1	5.57544E+2
4.12646E-1	-1.51688E-1	-3.79219E+1	5.57628E+2
4.10237E-1	-1.51707E-1	-3.79267E+1	5.57712E+2
4.07823E-1	-1.51749E-1	-3.79373E+1	5.57796E+2
4.05413E-1	-1.51722E-1	-3.79305E+1	5.57880E+2
4.02318E-1	-1.51765E-1	-3.79413E+1	5.57964E+2
3.99901E-1	-1.51768E-1	-3.79420E+1	5.58048E+2
3.97143E-1	-1.51779E-1	-3.79447E+1	5.58132E+2
3.94734E-1	-1.51684E-1	-3.79209E+1	5.58216E+2
3.92328E-1	-1.51765E-1	-3.79412E+1	5.58300E+2
3.89906E-1	-1.51861E-1	-3.79652E+1	5.58384E+2
3.86828E-1	-1.51779E-1	-3.79448E+1	5.58468E+2
3.84400E-1	-1.51681E-1	-3.79202E+1	5.58552E+2
3.81656E-1	-1.51799E-1	-3.79497E+1	5.58636E+2
3.79247E-1	-1.51720E-1	-3.79299E+1	5.58720E+2
3.76825E-1	-1.51854E-1	-3.79634E+1	5.58804E+2
3.74417E-1	-1.51690E-1	-3.79224E+1	5.58888E+2
3.71312E-1	-1.51760E-1	-3.79399E+1	5.58972E+2
3.68903E-1	-1.51796E-1	-3.79489E+1	5.59056E+2
3.66134E-1	-1.51808E-1	-3.79520E+1	5.59140E+2
3.63746E-1	-1.51731E-1	-3.79327E+1	5.59224E+2
3.61333E-1	-1.51815E-1	-3.79538E+1	5.59308E+2
3.58926E-1	-1.51695E-1	-3.79238E+1	5.59392E+2
3.55826E-1	-1.51711E-1	-3.79277E+1	5.59476E+2
3.53411E-1	-1.51640E-1	-3.79101E+1	5.59560E+2
3.50662E-1	-1.51712E-1	-3.79280E+1	5.59644E+2
3.48242E-1	-1.51805E-1	-3.79512E+1	5.59728E+2
3.45826E-1	-1.51839E-1	-3.79598E+1	5.59812E+2
3.43414E-1	-1.51768E-1	-3.79421E+1	5.59896E+2
3.40326E-1	-1.51764E-1	-3.79410E+1	5.59979E+2
3.37913E-1	-1.51747E-1	-3.79367E+1	5.60063E+2
3.35158E-1	-1.51838E-1	-3.79595E+1	5.60147E+2
3.32746E-1	-1.51689E-1	-3.79222E+1	5.60231E+2
3.30332E-1	-1.51772E-1	-3.79431E+1	5.60315E+2
3.27917E-1	-1.51738E-1	-3.79346E+1	5.60399E+2
3.25161E-1	-1.51694E-1	-3.79235E+1	5.60483E+2
3.22406E-1	-1.51712E-1	-3.79280E+1	5.60567E+2
3.19656E-1	-1.51680E-1	-3.79201E+1	5.60651E+2
3.17248E-1	-1.51752E-1	-3.79380E+1	5.60735E+2
3.14836E-1	-1.51828E-1	-3.79570E+1	5.60819E+2
3.12425E-1	-1.51729E-1	-3.79322E+1	5.60903E+2
3.09663E-1	-1.51700E-1	-3.79249E+1	5.60987E+2
3.06914E-1	-1.51723E-1	-3.79307E+1	5.61071E+2
3.04145E-1	-1.51794E-1	-3.79486E+1	5.61155E+2
3.01734E-1	-1.51775E-1	-3.79437E+1	5.61239E+2
2.99329E-1	-1.51750E-1	-3.79376E+1	5.61323E+2
2.96925E-1	-1.51713E-1	-3.79282E+1	5.61407E+2
2.94169E-1	-1.51659E-1	-3.79147E+1	5.61491E+2
2.91408E-1	-1.51823E-1	-3.79557E+1	5.61575E+2
2.88649E-1	-1.51831E-1	-3.79578E+1	5.61659E+2
2.86248E-1	-1.51746E-1	-3.79365E+1	5.61743E+2
2.83828E-1	-1.51654E-1	-3.79135E+1	5.61827E+2
2.81421E-1	-1.51777E-1	-3.79442E+1	5.61911E+2
2.78664E-1	-1.51793E-1	-3.79483E+1	5.61995E+2
2.75871E-1	-1.51794E-1	-3.79484E+1	5.62079E+2
2.73123E-1	-1.51832E-1	-3.79579E+1	5.62163E+2
2.70715E-1	-1.51729E-1	-3.79323E+1	5.62247E+2
2.68302E-1	-1.51728E-1	-3.79319E+1	5.62331E+2
2.65896E-1	-1.51800E-1	-3.79501E+1	5.62415E+2
2.63140E-1	-1.51810E-1	-3.79526E+1	5.62499E+2
2.60388E-1	-1.51818E-1	-3.79545E+1	5.62583E+2
2.57631E-1	-1.51772E-1	-3.79430E+1	5.62667E+2
2.55212E-1	-1.51736E-1	-3.79341E+1	5.62751E+2
2.52821E-1	-1.51805E-1	-3.79513E+1	5.62835E+2
2.50399E-1	-1.51859E-1	-3.79648E+1	5.62919E+2
2.47652E-1	-1.51792E-1	-3.79479E+1	5.63003E+2
2.44895E-1	-1.51834E-1	-3.79586E+1	5.63087E+2
2.42140E-1	-1.51778E-1	-3.79446E+1	5.63171E+2
2.39727E-1	-1.51770E-1	-3.79424E+1	5.63255E+2
2.37320E-1	-1.51760E-1	-3.79400E+1	5.63339E+2
2.34907E-1	-1.51815E-1	-3.79537E+1	5.63423E+2
2.32146E-1	-1.51766E-1	-3.79416E+1	5.63507E+2
2.29389E-1	-1.51660E-1	-3.79150E+1	5.63591E+2
2.26637E-1	-1.51731E-1	-3.79328E+1	5.63675E+2
2.24224E-1	-1.51790E-1	-3.79474E+1	5.63759E+2
2.21813E-1	-1.51770E-1	-3.79424E+1	5.63843E+2
2.19395E-1	-1.51708E-1	-3.79271E+1	5.63927E+2
2.16635E-1	-1.51718E-1	-3.79295E+1	5.64011E+2
2.13885E-1	-1.51726E-1	-3.79315E+1	5.64095E+2
2.11129E-1	-1.51715E-1	-3.79287E+1	5.64179E+2
2.08722E-1	-1.51766E-1	-3.79416E+1	5.64263E+2
2.06307E-1	-1.51721E-1	-3.79302E+1	5.64347E+2
2.03908E-1	-1.51721E-1	-3.79303E+1	5.64431E+2
2.01152E-1	-1.51751E-1	-3.79377E+1	5.64515E+2
1.98396E-1	-1.51663E-1	-3.79158E+1	5.64599E+2
1.95630E-1	-1.51714E-1	-3.79284E+1	5.64683E+2
1.93210E-1	-1.51721E-1	-3.79303E+1	5.64767E+2
1.90802E-1	-1.51696E-1	-3.79240E+1	5.64851E+2
1.88409E-1	-1.51800E-1	-3.79501E+1	5.64935E+2
1.85647E-1	-1.51804E-1	-3.79511E+1	5.65019E+2
1.82891E-1	-1.51805E-1	-3.79513E+1	5.65103E+2
1.80136E-1	-1.51822E-1	-3.79554E+1	5.65187E+2
1.77726E-1	-1.51773E-1	-3.79432E+1	5.65271E+2
1.75311E-1	-1.51780E-1	-3.79450E+1	5.65354E+2
1.72897E-1	-1.51851E-1	-3.79628E+1	5.65438E+2
1.70143E-1	-1.51788E-1	-3.79469E+1	5.65522E+2
1.67394E-1	-1.51752E-1	-3.79381E+1	5.65606E+2
1.64653E-1	-1.51732E-1	-3.79330E+1	5.65690E+2
1.62243E-1	-1.51818E-1	-3.79544E+1	5.65774E+2
1.59829E-1	-1.51865E-1	-3.79662E+1	5.65858E+2
1.57429E-1	-1.51875E-1	-3.79688E+1	5.65942E+2
1.54652E-1	-1.51811E-1	-3.79528E+1	5.66026E+2
1.51903E-1	-1.51778E-1	-3.79446E+1	5.66110E+2
1.49139E-1	-1.51712E-1	-3.79280E+1	5.66194E+2
1.46727E-1	-1.51740E-1	-3.79351E+1	5.66278E+2
1.44309E-1	-1.51792E-1	-3.79480E+1	5.66362E+2
1.41901E-1	-1.51859E-1	-3.79647E+1	5.66446E+2
1.38806E-1	-1.51822E-1	-3.79555E+1	5.66530E+2
1.36387E-1	-1.51800E-1	-3.79499E+1	5.66614E+2
1.33642E-1	-1.51791E-1	-3.79478E+1	5.66698E+2
1.31221E-1	-1.51732E-1	-3.79331E+1	5.66782E+2
1.28811E-1	-1.51860E-1	-3.79650E+1	5.66866E+2
1.26408E-1	-1.51694E-1	-3.79235E+1	5.66950E+2
1.23303E-1	-1.51836E-1	-3.79589E+1	5.67034E+2
1.20907E-1	-1.51784E-1	-3.79460E+1	5.67118E+2
1.18151E-1	-1.51744E-1	-3.79360E+1	5.67202E+2
1.15734E-1	-1.51783E-1	-3.79457E+1	5.67286E+2
1.13328E-1	-1.51747E-1	-3.79368E+1	5.67370E+2
1.10904E-1	-1.51706E-1	-3.79266E+1	5.67454E+2
1.07802E-1	-1.51794E-1	-3.79486E+1	5.67538E+2
1.05391E-1	-1.51712E-1	-3.79281E+1	5.67622E+2
1.02625E-1	-1.51836E-1	-3.79590E+1	5.67706E+2
1.00232E-1	-1.51780E-1	-3.79450E+1	5.67790E+2
9.78170E-2	-1.51783E-1	-3.79458E+1	5.67874E+2
9.54079E-2	-1.51764E-1	-3.79410E+1	5.67958E+2
9.23012E-2	-1.51791E-1	-3.79478E+1	5.68042E+2
8.99005E-2	-1.51804E-1	-3.79509E+1	5.68126E+2
8.71354E-2	-1.51700E-1	-3.79249E+1	5.68210E+2
8.47288E-2	-1.51707E-1	-3.79268E+1	5.68294E+2
8.23197E-2	-1.51835E-1	-3.79588E+1	5.68378E+2
7.99072E-2	-1.51708E-1	-3.79269E+1	5.68462E+2
7.68207E-2	-1.51711E-1	-3.79277E+1	5.68546E+2
7.44073E-2	-1.51742E-1	-3.79354E+1	5.68630E+2
7.16616E-2	-1.51843E-1	-3.79608E+1	5.68714E+2
6.92348E-2	-1.51727E-1	-3.79317E+1	5.68798E+2
6.68172E-2	-1.51780E-1	-3.79451E+1	5.68882E+2
6.40673E-2	-1.51893E-1	-3.79732E+1	5.68966E+2
6.13106E-2	-1.51758E-1	-3.79395E+1	5.69050E+2
5.88939E-2	-1.51794E-1	-3.79486E+1	5.69134E+2
5.61407E-2	-1.51782E-1	-3.79456E+1	5.69218E+2
5.37324E-2	-1.51841E-1	-3.79602E+1	5.69302E+2
5.13224E-2	-1.51813E-1	-3.79533E+1	5.69386E+2
4.85641E-2	-1.51815E-1	-3.79538E+1	5.69470E+2
4.58082E-2	-1.51817E-1	-3.79543E+1	5.69554E+2
4.33974E-2	-1.51879E-1	-3.79698E+1	5.69638E+2
4.06391E-2	-1.51877E-1	-3.79692E+1	5.69722E+2
3.82215E-2	-1.51871E-1	-3.79678E+1	5.69806E+2
3.58116E-2	-1.51870E-1	-3.79674E+1	5.69890E+2
3.30667E-2	-1.51764E-1	-3.79411E+1	5.69974E+2
3.03109E-2	-1.51742E-1	-3.79355E+1	5.70058E+2
2.79077E-2	-1.51809E-1	-3.79522E+1	5.70142E+2
2.51493E-2	-1.51832E-1	-3.79581E+1	5.70226E+2
2.27275E-2	-1.51859E-1	-3.79648E+1	5.70310E+2
2.03176E-2	-1.51836E-1	-3.79591E+1	5.70394E+2
1.75365E-2	-1.51692E-1	-3.79230E+1	5.70478E+2
1.47723E-2	-1.51717E-1	-3.79293E+1	5.70562E+2
1.20383E-2	-1.51791E-1	-3.79478E+1	5.70646E+2
9.63341E-3	-1.51750E-1	-3.79374E+1	5.70729E+2
7.20997E-3	-1.51738E-1	-3.79346E+1	5.70813E+2
4.81094E-3	-1.51808E-1	-3.79521E+1	5.70897E+2
2.06606E-3	-1.51806E-1	-3.79514E+1	5.70981E+2
-6.32534E-4	-1.51886E-1	-3.79716E+1	5.71066E+2
-3.03157E-3	-1.51854E-1	-3.79635E+1	5.71150E+2
-5.45012E-3	-1.51824E-1	-3.79561E+1	5.71234E+2
-7.85779E-3	-1.51907E-1	-3.79768E+1	5.71318E+2
-1.06324E-2	-1.51858E-1	-3.79646E+1	5.71402E+2
-1.30375E-2	-1.51804E-1	-3.79509E+1	5.71486E+2
-1.61462E-2	-1.51747E-1	-3.79367E+1	5.71570E+2
-1.85463E-2	-1.51815E-1	-3.79537E+1	5.71654E+2
-2.09455E-2	-1.51871E-1	-3.79677E+1	5.71738E+2
-2.33616E-2	-1.51908E-1	-3.79769E+1	5.71822E+2
-2.61177E-2	-1.51752E-1	-3.79380E+1	5.71906E+2
-2.85346E-2	-1.51832E-1	-3.79579E+1	5.71990E+2
-3.16315E-2	-1.51794E-1	-3.79486E+1	5.72074E+2
-3.40535E-2	-1.51853E-1	-3.79632E+1	5.72158E+2
-3.64586E-2	-1.51689E-1	-3.79223E+1	5.72242E+2
-3.88629E-2	-1.51823E-1	-3.79557E+1	5.72326E+2
-4.16173E-2	-1.51747E-1	-3.79368E+1	5.72410E+2
-4.40225E-2	-1.51725E-1	-3.79312E+1	5.72494E+2
-4.71236E-2	-1.51760E-1	-3.79399E+1	5.72578E+2
-4.95480E-2	-1.51790E-1	-3.79475E+1	5.72662E+2
-5.19524E-2	-1.51811E-1	-3.79527E+1	5.72746E+2
-5.43710E-2	-1.51822E-1	-3.79556E+1	5.72830E+2
-5.71254E-2	-1.51867E-1	-3.79668E+1	5.72914E+2
-5.95406E-2	-1.51878E-1	-3.79694E+1	5.72998E+2
-6.26249E-2	-1.51833E-1	-3.79582E+1	5.73082E+2
-6.50418E-2	-1.51860E-1	-3.79649E+1	5.73166E+2
-6.74645E-2	-1.51864E-1	-3.79660E+1	5.73250E+2

-7.02089E-2	-1.51745E-1	-3.79362E+1	5.73334E+2
