V  I  J

-7.05675E-2	-1.54492E-1	-3.86230E+1	4.33635E+3
-6.95173E-2	-1.54366E-1	-3.85916E+1	4.33644E+3
-6.88349E-2	-1.54376E-1	-3.85940E+1	4.33652E+3
-6.77965E-2	-1.54473E-1	-3.86182E+1	4.33660E+3
-6.74574E-2	-1.54409E-1	-3.86022E+1	4.33669E+3
-6.64165E-2	-1.54341E-1	-3.85852E+1	4.33677E+3
-6.57307E-2	-1.54415E-1	-3.86038E+1	4.33685E+3
-6.50465E-2	-1.54333E-1	-3.85833E+1	4.33694E+3
-6.43515E-2	-1.54357E-1	-3.85893E+1	4.33702E+3
-6.33122E-2	-1.54385E-1	-3.85963E+1	4.33711E+3
-6.29715E-2	-1.54319E-1	-3.85799E+1	4.33719E+3
-6.19288E-2	-1.54442E-1	-3.86106E+1	4.33727E+3
-6.12607E-2	-1.54396E-1	-3.85990E+1	4.33736E+3
-6.02181E-2	-1.54413E-1	-3.86033E+1	4.33744E+3
-5.98865E-2	-1.54403E-1	-3.86008E+1	4.33752E+3
-5.88532E-2	-1.54492E-1	-3.86230E+1	4.33761E+3
-5.85074E-2	-1.54479E-1	-3.86197E+1	4.33769E+3
-5.74639E-2	-1.54381E-1	-3.85952E+1	4.33777E+3
-5.67764E-2	-1.54343E-1	-3.85857E+1	4.33786E+3
-5.57355E-2	-1.54417E-1	-3.86042E+1	4.33794E+3
-5.54040E-2	-1.54304E-1	-3.85760E+1	4.33803E+3
-5.43664E-2	-1.54349E-1	-3.85872E+1	4.33811E+3
-5.40340E-2	-1.54418E-1	-3.86045E+1	4.33819E+3
-5.29872E-2	-1.54350E-1	-3.85874E+1	4.33828E+3
-5.23098E-2	-1.54402E-1	-3.86006E+1	4.33836E+3
-5.12672E-2	-1.54400E-1	-3.86001E+1	4.33844E+3
-5.09298E-2	-1.54323E-1	-3.85807E+1	4.33853E+3
-4.98998E-2	-1.54347E-1	-3.85869E+1	4.33861E+3
-4.95438E-2	-1.54379E-1	-3.85946E+1	4.33869E+3
-4.85181E-2	-1.54353E-1	-3.85882E+1	4.33878E+3
-4.78222E-2	-1.54374E-1	-3.85935E+1	4.33886E+3
-4.67955E-2	-1.54404E-1	-3.86010E+1	4.33894E+3
-4.64354E-2	-1.54384E-1	-3.85960E+1	4.33903E+3
-4.53979E-2	-1.54416E-1	-3.86041E+1	4.33911E+3
-4.47163E-2	-1.54369E-1	-3.85921E+1	4.33920E+3
-4.40363E-2	-1.54290E-1	-3.85725E+1	4.33928E+3
-4.33337E-2	-1.54423E-1	-3.86058E+1	4.33936E+3
-4.23222E-2	-1.54376E-1	-3.85941E+1	4.33945E+3
-4.19654E-2	-1.54371E-1	-3.85926E+1	4.33953E+3
-4.09396E-2	-1.54403E-1	-3.86008E+1	4.33961E+3
-4.02564E-2	-1.54398E-1	-3.85996E+1	4.33970E+3
-3.92323E-2	-1.54299E-1	-3.85748E+1	4.33978E+3
-3.88688E-2	-1.54345E-1	-3.85864E+1	4.33986E+3
-3.78514E-2	-1.54448E-1	-3.86120E+1	4.33995E+3
-3.74946E-2	-1.54400E-1	-3.86001E+1	4.34003E+3
-3.64604E-2	-1.54348E-1	-3.85871E+1	4.34012E+3
-3.57780E-2	-1.54405E-1	-3.86013E+1	4.34020E+3
-3.47463E-2	-1.54278E-1	-3.85696E+1	4.34028E+3
-3.43921E-2	-1.54285E-1	-3.85712E+1	4.34037E+3
-3.33571E-2	-1.54298E-1	-3.85746E+1	4.34045E+3
-3.30137E-2	-1.54313E-1	-3.85782E+1	4.34053E+3
-3.19837E-2	-1.54162E-1	-3.85404E+1	4.34062E+3
-3.13013E-2	-1.54189E-1	-3.85472E+1	4.34070E+3
-3.02477E-2	-1.54322E-1	-3.85806E+1	4.34078E+3
-2.99120E-2	-1.54295E-1	-3.85738E+1	4.34087E+3
-2.88652E-2	-1.54340E-1	-3.85851E+1	4.34095E+3
-2.85370E-2	-1.54296E-1	-3.85741E+1	4.34104E+3
-2.74894E-2	-1.54291E-1	-3.85726E+1	4.34112E+3
-2.68010E-2	-1.54322E-1	-3.85804E+1	4.34120E+3
-2.57803E-2	-1.54256E-1	-3.85641E+1	4.34129E+3
-2.54311E-2	-1.54331E-1	-3.85828E+1	4.34137E+3
-2.43952E-2	-1.54267E-1	-3.85668E+1	4.34145E+3
-2.37144E-2	-1.54242E-1	-3.85606E+1	4.34154E+3
-2.30093E-2	-1.54356E-1	-3.85890E+1	4.34162E+3
-2.23310E-2	-1.54407E-1	-3.86017E+1	4.34170E+3
-2.12884E-2	-1.54345E-1	-3.85864E+1	4.34179E+3
-2.09594E-2	-1.54322E-1	-3.85804E+1	4.34187E+3
-1.99109E-2	-1.54251E-1	-3.85628E+1	4.34196E+3
-1.92251E-2	-1.54249E-1	-3.85622E+1	4.34204E+3
-1.82069E-2	-1.54357E-1	-3.85892E+1	4.34212E+3
-1.78695E-2	-1.54422E-1	-3.86055E+1	4.34221E+3
-1.68429E-2	-1.54328E-1	-3.85821E+1	4.34229E+3
-1.64903E-2	-1.54363E-1	-3.85909E+1	4.34237E+3
-1.54578E-2	-1.54398E-1	-3.85994E+1	4.34246E+3
-1.47703E-2	-1.54402E-1	-3.86005E+1	4.34254E+3
-1.37395E-2	-1.54353E-1	-3.85884E+1	4.34262E+3
-1.34029E-2	-1.54436E-1	-3.86089E+1	4.34271E+3
-1.23704E-2	-1.54410E-1	-3.86025E+1	4.34279E+3
-1.20354E-2	-1.54396E-1	-3.85991E+1	4.34287E+3
-1.09886E-2	-1.54404E-1	-3.86009E+1	4.34296E+3
-1.02944E-2	-1.54431E-1	-3.86078E+1	4.34304E+3
-9.25266E-3	-1.54305E-1	-3.85763E+1	4.34313E+3
-8.90765E-3	-1.54313E-1	-3.85784E+1	4.34321E+3
-7.87010E-3	-1.54318E-1	-3.85795E+1	4.34329E+3
-7.52593E-3	-1.54358E-1	-3.85895E+1	4.34338E+3
-6.49848E-3	-1.54382E-1	-3.85956E+1	4.34346E+3
-5.81519E-3	-1.54382E-1	-3.85955E+1	4.34354E+3
-4.76502E-3	-1.54384E-1	-3.85961E+1	4.34363E+3
-4.41917E-3	-1.54388E-1	-3.85970E+1	4.34371E+3
-3.38921E-3	-1.54335E-1	-3.85837E+1	4.34379E+3
-2.71103E-3	-1.54394E-1	-3.85985E+1	4.34388E+3
-2.02192E-3	-1.54428E-1	-3.86069E+1	4.34396E+3
-1.32102E-3	-1.54422E-1	-3.86054E+1	4.34405E+3
-3.07126E-4	-1.54455E-1	-3.86137E+1	4.34413E+3
8.06901E-4	-1.54401E-1	-3.86002E+1	4.34421E+3
1.83763E-3	-1.54363E-1	-3.85907E+1	4.34430E+3
2.17839E-3	-1.54321E-1	-3.85804E+1	4.34438E+3
3.21754E-3	-1.54337E-1	-3.85844E+1	4.34446E+3
3.55158E-3	-1.54406E-1	-3.86016E+1	4.34455E+3
4.57726E-3	-1.54337E-1	-3.85843E+1	4.34463E+3
5.26384E-3	-1.54402E-1	-3.86005E+1	4.34471E+3
6.28952E-3	-1.54332E-1	-3.85829E+1	4.34480E+3
6.62946E-3	-1.54378E-1	-3.85945E+1	4.34488E+3
7.64840E-3	-1.54345E-1	-3.85864E+1	4.34497E+3
7.98664E-3	-1.54400E-1	-3.86001E+1	4.34505E+3
9.02411E-3	-1.54341E-1	-3.85851E+1	4.34513E+3
9.72752E-3	-1.54314E-1	-3.85784E+1	4.34522E+3
1.07616E-2	-1.54319E-1	-3.85797E+1	4.34530E+3
1.11100E-2	-1.54343E-1	-3.85857E+1	4.34538E+3
1.21373E-2	-1.54431E-1	-3.86077E+1	4.34547E+3
1.24663E-2	-1.54378E-1	-3.85944E+1	4.34555E+3
1.34953E-2	-1.54345E-1	-3.85864E+1	4.34563E+3
1.41870E-2	-1.54363E-1	-3.85909E+1	4.34572E+3
1.52202E-2	-1.54407E-1	-3.86018E+1	4.34580E+3
1.55576E-2	-1.54365E-1	-3.85912E+1	4.34589E+3
1.66060E-2	-1.54359E-1	-3.85898E+1	4.34597E+3
1.72994E-2	-1.54370E-1	-3.85924E+1	4.34605E+3
1.79859E-2	-1.54388E-1	-3.85969E+1	4.34614E+3
1.86986E-2	-1.54427E-1	-3.86068E+1	4.34622E+3
1.97226E-2	-1.54393E-1	-3.85983E+1	4.34630E+3
2.00718E-2	-1.54377E-1	-3.85943E+1	4.34639E+3
2.11067E-2	-1.54413E-1	-3.86033E+1	4.34647E+3
2.17967E-2	-1.54356E-1	-3.85891E+1	4.34655E+3
2.28299E-2	-1.54394E-1	-3.85986E+1	4.34664E+3
2.31707E-2	-1.54400E-1	-3.86001E+1	4.34672E+3
2.42166E-2	-1.54428E-1	-3.86069E+1	4.34681E+3
2.45523E-2	-1.54441E-1	-3.86102E+1	4.34689E+3
2.55881E-2	-1.54428E-1	-3.86070E+1	4.34697E+3
2.62696E-2	-1.54460E-1	-3.86150E+1	4.34706E+3
2.73029E-2	-1.54410E-1	-3.86024E+1	4.34714E+3
2.76361E-2	-1.54534E-1	-3.86335E+1	4.34722E+3
2.86710E-2	-1.54428E-1	-3.86069E+1	4.34731E+3
2.90194E-2	-1.54367E-1	-3.85917E+1	4.34739E+3
3.00602E-2	-1.54265E-1	-3.85662E+1	4.34747E+3
3.07459E-2	-1.54345E-1	-3.85861E+1	4.34756E+3
3.17834E-2	-1.54250E-1	-3.85626E+1	4.34764E+3
3.21284E-2	-1.54295E-1	-3.85737E+1	4.34773E+3
3.31566E-2	-1.54348E-1	-3.85871E+1	4.34781E+3
3.34956E-2	-1.54372E-1	-3.85930E+1	4.34789E+3
3.45247E-2	-1.54400E-1	-3.85999E+1	4.34798E+3
3.52172E-2	-1.54393E-1	-3.85983E+1	4.34806E+3
3.62462E-2	-1.54437E-1	-3.86093E+1	4.34814E+3
3.65920E-2	-1.54394E-1	-3.85984E+1	4.34823E+3
3.76379E-2	-1.54398E-1	-3.85996E+1	4.34831E+3
3.83211E-2	-1.54468E-1	-3.86170E+1	4.34839E+3
3.90144E-2	-1.54437E-1	-3.86093E+1	4.34848E+3
3.96935E-2	-1.54404E-1	-3.86010E+1	4.34856E+3
4.07351E-2	-1.54343E-1	-3.85856E+1	4.34865E+3
4.10894E-2	-1.54361E-1	-3.85901E+1	4.34873E+3
4.21176E-2	-1.54392E-1	-3.85979E+1	4.34881E+3
4.27949E-2	-1.54306E-1	-3.85765E+1	4.34890E+3
4.38324E-2	-1.54271E-1	-3.85678E+1	4.34898E+3
4.41731E-2	-1.54313E-1	-3.85782E+1	4.34906E+3
4.52097E-2	-1.54376E-1	-3.85939E+1	4.34915E+3
4.55564E-2	-1.54373E-1	-3.85933E+1	4.34923E+3
4.65905E-2	-1.54427E-1	-3.86067E+1	4.34931E+3
4.72880E-2	-1.54371E-1	-3.85928E+1	4.34940E+3
4.83053E-2	-1.54351E-1	-3.85876E+1	4.34948E+3
4.86545E-2	-1.54367E-1	-3.85917E+1	4.34957E+3
4.96852E-2	-1.54420E-1	-3.86051E+1	4.34965E+3
5.00259E-2	-1.54409E-1	-3.86024E+1	4.34973E+3
5.10584E-2	-1.54397E-1	-3.85992E+1	4.34982E+3
5.17551E-2	-1.54429E-1	-3.86071E+1	4.34990E+3
5.27681E-2	-1.54475E-1	-3.86188E+1	4.34998E+3
5.31266E-2	-1.54369E-1	-3.85924E+1	4.35007E+3
5.41539E-2	-1.54337E-1	-3.85842E+1	4.35015E+3
5.44980E-2	-1.54389E-1	-3.85971E+1	4.35023E+3
5.55389E-2	-1.54337E-1	-3.85842E+1	4.35032E+3
5.62196E-2	-1.54356E-1	-3.85891E+1	4.35040E+3
5.72596E-2	-1.54345E-1	-3.85863E+1	4.35048E+3
5.75961E-2	-1.54451E-1	-3.86127E+1	4.35057E+3
5.86311E-2	-1.54336E-1	-3.85841E+1	4.35065E+3
5.93252E-2	-1.54434E-1	-3.86086E+1	4.35074E+3
6.00143E-2	-1.54364E-1	-3.85910E+1	4.35082E+3
6.06992E-2	-1.54468E-1	-3.86171E+1	4.35090E+3
6.17325E-2	-1.54354E-1	-3.85886E+1	4.35099E+3
6.20791E-2	-1.54355E-1	-3.85887E+1	4.35107E+3
6.31048E-2	-1.54448E-1	-3.86119E+1	4.35115E+3
6.38023E-2	-1.54377E-1	-3.85942E+1	4.35124E+3
6.44898E-2	-1.54377E-1	-3.85943E+1	4.35132E+3
6.51772E-2	-1.54331E-1	-3.85827E+1	4.35140E+3
6.62121E-2	-1.54335E-1	-3.85837E+1	4.35149E+3
6.65487E-2	-1.54382E-1	-3.85955E+1	4.35157E+3
6.75929E-2	-1.54355E-1	-3.85887E+1	4.35166E+3
6.82820E-2	-1.54369E-1	-3.85921E+1	4.35174E+3
6.93085E-2	-1.54391E-1	-3.85977E+1	4.35182E+3
6.96636E-2	-1.54385E-1	-3.85963E+1	4.35191E+3
7.06943E-2	-1.54413E-1	-3.86031E+1	4.35199E+3
7.10520E-2	-1.54349E-1	-3.85873E+1	4.35207E+3
7.20675E-2	-1.54346E-1	-3.85866E+1	4.35216E+3
7.27650E-2	-1.54367E-1	-3.85917E+1	4.35224E+3
7.37983E-2	-1.54370E-1	-3.85924E+1	4.35232E+3
7.41399E-2	-1.54412E-1	-3.86029E+1	4.35241E+3
7.51774E-2	-1.54408E-1	-3.86019E+1	4.35249E+3
7.55181E-2	-1.54421E-1	-3.86052E+1	4.35258E+3
7.65607E-2	-1.54312E-1	-3.85780E+1	4.35266E+3
7.72405E-2	-1.54479E-1	-3.86197E+1	4.35274E+3
7.82754E-2	-1.54341E-1	-3.85852E+1	4.35283E+3
7.86170E-2	-1.54362E-1	-3.85905E+1	4.35291E+3
7.96377E-2	-1.54364E-1	-3.85911E+1	4.35299E+3
8.03226E-2	-1.54420E-1	-3.86049E+1	4.35308E+3
8.10150E-2	-1.54285E-1	-3.85712E+1	4.35316E+3
8.17084E-2	-1.54305E-1	-3.85762E+1	4.35324E+3
8.27467E-2	-1.54346E-1	-3.85865E+1	4.35333E+3
8.30799E-2	-1.54420E-1	-3.86051E+1	4.35341E+3
8.41232E-2	-1.54326E-1	-3.85815E+1	4.35350E+3
8.48098E-2	-1.54334E-1	-3.85834E+1	4.35358E+3
8.55040E-2	-1.54362E-1	-3.85905E+1	4.35366E+3
8.61821E-2	-1.54363E-1	-3.85909E+1	4.35375E+3
8.72162E-2	-1.54392E-1	-3.85979E+1	4.35383E+3
8.75604E-2	-1.54421E-1	-3.86051E+1	4.35391E+3
8.85869E-2	-1.54300E-1	-3.85749E+1	4.35400E+3
8.92878E-2	-1.54391E-1	-3.85978E+1	4.35408E+3
9.03185E-2	-1.54377E-1	-3.85942E+1	4.35416E+3
9.06652E-2	-1.54393E-1	-3.85983E+1	4.35425E+3
9.16866E-2	-1.54332E-1	-3.85831E+1	4.35433E+3
9.20383E-2	-1.54468E-1	-3.86171E+1	4.35442E+3
9.30708E-2	-1.54366E-1	-3.85915E+1	4.35450E+3
9.37607E-2	-1.54318E-1	-3.85794E+1	4.35458E+3
9.47839E-2	-1.54302E-1	-3.85756E+1	4.35467E+3
9.51364E-2	-1.54283E-1	-3.85707E+1	4.35475E+3
9.61655E-2	-1.54256E-1	-3.85639E+1	4.35483E+3
9.65129E-2	-1.54309E-1	-3.85773E+1	4.35492E+3
9.75353E-2	-1.54337E-1	-3.85843E+1	4.35500E+3
9.82294E-2	-1.54335E-1	-3.85838E+1	4.35508E+3
9.92643E-2	-1.54336E-1	-3.85840E+1	4.35517E+3
9.96068E-2	-1.54314E-1	-3.85786E+1	4.35525E+3
1.00645E-1	-1.54276E-1	-3.85690E+1	4.35533E+3
1.00969E-1	-1.54307E-1	-3.85767E+1	4.35542E+3
1.02005E-1	-1.54279E-1	-3.85697E+1	4.35550E+3
1.02698E-1	-1.54279E-1	-3.85697E+1	4.35558E+3
1.03727E-1	-1.54301E-1	-3.85751E+1	4.35567E+3
1.04073E-1	-1.54275E-1	-3.85688E+1	4.35575E+3
1.05102E-1	-1.54347E-1	-3.85868E+1	4.35584E+3
1.05806E-1	-1.54404E-1	-3.86010E+1	4.35592E+3
1.06498E-1	-1.54254E-1	-3.85635E+1	4.35600E+3
1.07182E-1	-1.54251E-1	-3.85628E+1	4.35609E+3
1.08206E-1	-1.54348E-1	-3.85870E+1	4.35617E+3
1.08558E-1	-1.54322E-1	-3.85806E+1	4.35625E+3
1.09591E-1	-1.54260E-1	-3.85651E+1	4.35634E+3
1.10285E-1	-1.54358E-1	-3.85894E+1	4.35642E+3
1.11307E-1	-1.54439E-1	-3.86098E+1	4.35650E+3
1.11654E-1	-1.54415E-1	-3.86038E+1	4.35659E+3
1.12705E-1	-1.54362E-1	-3.85906E+1	4.35667E+3
1.13043E-1	-1.54351E-1	-3.85877E+1	4.35676E+3
1.14082E-1	-1.54346E-1	-3.85866E+1	4.35684E+3
1.14761E-1	-1.54329E-1	-3.85823E+1	4.35692E+3
1.15795E-1	-1.54445E-1	-3.86112E+1	4.35701E+3
1.16136E-1	-1.54517E-1	-3.86292E+1	4.35709E+3
1.17165E-1	-1.54404E-1	-3.86010E+1	4.35717E+3
1.17511E-1	-1.54507E-1	-3.86267E+1	4.35726E+3
1.18554E-1	-1.54381E-1	-3.85952E+1	4.35734E+3
1.19235E-1	-1.54429E-1	-3.86072E+1	4.35742E+3
1.20268E-1	-1.54461E-1	-3.86152E+1	4.35751E+3
1.20615E-1	-1.54387E-1	-3.85966E+1	4.35759E+3
1.21641E-1	-1.54447E-1	-3.86118E+1	4.35768E+3
1.21990E-1	-1.54384E-1	-3.85959E+1	4.35776E+3
1.23001E-1	-1.54343E-1	-3.85858E+1	4.35784E+3
1.23700E-1	-1.54379E-1	-3.85948E+1	4.35793E+3
1.24732E-1	-1.54381E-1	-3.85952E+1	4.35801E+3
1.25075E-1	-1.54341E-1	-3.85853E+1	4.35809E+3
1.26121E-1	-1.54375E-1	-3.85938E+1	4.35818E+3
1.26799E-1	-1.54307E-1	-3.85766E+1	4.35826E+3
1.27494E-1	-1.54285E-1	-3.85712E+1	4.35834E+3
1.28172E-1	-1.54353E-1	-3.85882E+1	4.35843E+3
1.29213E-1	-1.54350E-1	-3.85876E+1	4.35851E+3
1.29554E-1	-1.54342E-1	-3.85855E+1	4.35860E+3
1.30591E-1	-1.54289E-1	-3.85722E+1	4.35868E+3
1.31287E-1	-1.54299E-1	-3.85748E+1	4.35876E+3
1.32325E-1	-1.54297E-1	-3.85743E+1	4.35885E+3
1.32666E-1	-1.54401E-1	-3.86002E+1	4.35893E+3
1.33701E-1	-1.54301E-1	-3.85753E+1	4.35901E+3
1.34047E-1	-1.54387E-1	-3.85966E+1	4.35910E+3
1.35079E-1	-1.54321E-1	-3.85802E+1	4.35918E+3
1.35760E-1	-1.54393E-1	-3.85982E+1	4.35926E+3
1.36790E-1	-1.54398E-1	-3.85995E+1	4.35935E+3
1.37140E-1	-1.54337E-1	-3.85842E+1	4.35943E+3
1.38169E-1	-1.54375E-1	-3.85937E+1	4.35951E+3
1.38510E-1	-1.54342E-1	-3.85854E+1	4.35960E+3
1.39554E-1	-1.54341E-1	-3.85853E+1	4.35968E+3
1.40244E-1	-1.54394E-1	-3.85984E+1	4.35977E+3
1.41279E-1	-1.54309E-1	-3.85772E+1	4.35985E+3
1.41607E-1	-1.54324E-1	-3.85811E+1	4.35993E+3
1.42660E-1	-1.54307E-1	-3.85768E+1	4.36002E+3
1.42992E-1	-1.54309E-1	-3.85771E+1	4.36010E+3
1.44024E-1	-1.54335E-1	-3.85837E+1	4.36018E+3
1.44719E-1	-1.54380E-1	-3.85950E+1	4.36027E+3
1.45739E-1	-1.54465E-1	-3.86162E+1	4.36035E+3
1.46092E-1	-1.54330E-1	-3.85825E+1	4.36043E+3
1.47125E-1	-1.54339E-1	-3.85848E+1	4.36052E+3
1.47819E-1	-1.54342E-1	-3.85854E+1	4.36060E+3
1.48511E-1	-1.54332E-1	-3.85830E+1	4.36069E+3
1.49200E-1	-1.54334E-1	-3.85835E+1	4.36077E+3
1.50226E-1	-1.54354E-1	-3.85886E+1	4.36085E+3
1.50573E-1	-1.54281E-1	-3.85703E+1	4.36094E+3
1.51611E-1	-1.54288E-1	-3.85720E+1	4.36102E+3
1.52292E-1	-1.54247E-1	-3.85618E+1	4.36110E+3
1.52971E-1	-1.54299E-1	-3.85747E+1	4.36119E+3
1.53673E-1	-1.54337E-1	-3.85842E+1	4.36127E+3
1.54701E-1	-1.54320E-1	-3.85801E+1	4.36135E+3
1.55055E-1	-1.54328E-1	-3.85820E+1	4.36144E+3
1.56086E-1	-1.54370E-1	-3.85924E+1	4.36152E+3
1.56770E-1	-1.54350E-1	-3.85876E+1	4.36161E+3
1.57807E-1	-1.54409E-1	-3.86023E+1	4.36169E+3
1.58147E-1	-1.54437E-1	-3.86092E+1	4.36177E+3
1.59184E-1	-1.54307E-1	-3.85767E+1	4.36186E+3
1.59528E-1	-1.54294E-1	-3.85736E+1	4.36194E+3
1.60564E-1	-1.54395E-1	-3.85988E+1	4.36202E+3
1.61253E-1	-1.54382E-1	-3.85956E+1	4.36211E+3
1.62294E-1	-1.54413E-1	-3.86031E+1	4.36219E+3
1.62638E-1	-1.54392E-1	-3.85979E+1	4.36227E+3
1.63672E-1	-1.54360E-1	-3.85899E+1	4.36236E+3
1.64013E-1	-1.54336E-1	-3.85841E+1	4.36244E+3
1.65046E-1	-1.54297E-1	-3.85741E+1	4.36253E+3
1.65736E-1	-1.54279E-1	-3.85698E+1	4.36261E+3
1.66770E-1	-1.54375E-1	-3.85937E+1	4.36269E+3
1.67097E-1	-1.54410E-1	-3.86025E+1	4.36278E+3
1.68138E-1	-1.54374E-1	-3.85936E+1	4.36286E+3
1.68485E-1	-1.54371E-1	-3.85927E+1	4.36294E+3
1.69520E-1	-1.54309E-1	-3.85771E+1	4.36303E+3
1.70196E-1	-1.54399E-1	-3.85997E+1	4.36311E+3
1.71231E-1	-1.54293E-1	-3.85734E+1	4.36319E+3
1.71584E-1	-1.54300E-1	-3.85749E+1	4.36328E+3
1.72613E-1	-1.54425E-1	-3.86062E+1	4.36336E+3
1.73306E-1	-1.54370E-1	-3.85925E+1	4.36344E+3
1.73987E-1	-1.54278E-1	-3.85695E+1	4.36353E+3
1.74682E-1	-1.54272E-1	-3.85680E+1	4.36361E+3
1.75713E-1	-1.54252E-1	-3.85631E+1	4.36370E+3
1.76064E-1	-1.54320E-1	-3.85801E+1	4.36378E+3
1.77092E-1	-1.54262E-1	-3.85656E+1	4.36386E+3
1.77779E-1	-1.54262E-1	-3.85656E+1	4.36395E+3
1.78821E-1	-1.54323E-1	-3.85807E+1	4.36403E+3
1.79160E-1	-1.54340E-1	-3.85851E+1	4.36411E+3
1.80182E-1	-1.54412E-1	-3.86029E+1	4.36420E+3
1.81220E-1	-1.54265E-1	-3.85662E+1	4.36428E+3
1.81571E-1	-1.54200E-1	-3.85500E+1	4.36436E+3
1.82596E-1	-1.54242E-1	-3.85605E+1	4.36445E+3
1.83282E-1	-1.54226E-1	-3.85565E+1	4.36453E+3
1.84316E-1	-1.54267E-1	-3.85666E+1	4.36462E+3
1.84671E-1	-1.54255E-1	-3.85638E+1	4.36470E+3
1.85701E-1	-1.54321E-1	-3.85803E+1	4.36478E+3
1.86041E-1	-1.54314E-1	-3.85785E+1	4.36487E+3
1.87079E-1	-1.54269E-1	-3.85672E+1	4.36495E+3
1.87768E-1	-1.54251E-1	-3.85628E+1	4.36503E+3
1.88803E-1	-1.54247E-1	-3.85618E+1	4.36512E+3
1.89115E-1	-1.54250E-1	-3.85625E+1	4.36520E+3
1.90155E-1	-1.54247E-1	-3.85617E+1	4.36528E+3
1.90502E-1	-1.54301E-1	-3.85753E+1	4.36537E+3
1.91538E-1	-1.54312E-1	-3.85780E+1	4.36545E+3
1.92230E-1	-1.54302E-1	-3.85756E+1	4.36554E+3
1.93255E-1	-1.54288E-1	-3.85721E+1	4.36562E+3
1.93607E-1	-1.54302E-1	-3.85756E+1	4.36570E+3
1.94636E-1	-1.54270E-1	-3.85674E+1	4.36579E+3
1.94991E-1	-1.54306E-1	-3.85766E+1	4.36587E+3
1.96029E-1	-1.54314E-1	-3.85786E+1	4.36595E+3
1.96712E-1	-1.54269E-1	-3.85673E+1	4.36604E+3
1.97745E-1	-1.54336E-1	-3.85840E+1	4.36612E+3
1.98097E-1	-1.54333E-1	-3.85832E+1	4.36620E+3
1.99129E-1	-1.54223E-1	-3.85557E+1	4.36629E+3
1.99813E-1	-1.54192E-1	-3.85481E+1	4.36637E+3
2.00509E-1	-1.54192E-1	-3.85480E+1	4.36646E+3
2.01194E-1	-1.54313E-1	-3.85782E+1	4.36654E+3
2.02228E-1	-1.54346E-1	-3.85866E+1	4.36662E+3
2.02574E-1	-1.54311E-1	-3.85778E+1	4.36671E+3
2.03608E-1	-1.54221E-1	-3.85551E+1	4.36679E+3
2.04293E-1	-1.54357E-1	-3.85892E+1	4.36687E+3
2.04981E-1	-1.54324E-1	-3.85810E+1	4.36696E+3
2.05666E-1	-1.54214E-1	-3.85534E+1	4.36704E+3
2.06706E-1	-1.54198E-1	-3.85496E+1	4.36712E+3
2.07053E-1	-1.54226E-1	-3.85565E+1	4.36721E+3
2.08083E-1	-1.54246E-1	-3.85615E+1	4.36729E+3
2.08776E-1	-1.54336E-1	-3.85841E+1	4.36737E+3
2.09804E-1	-1.54257E-1	-3.85642E+1	4.36746E+3
2.10146E-1	-1.54178E-1	-3.85444E+1	4.36754E+3
2.11166E-1	-1.54283E-1	-3.85709E+1	4.36762E+3
2.11516E-1	-1.54155E-1	-3.85387E+1	4.36771E+3
2.12540E-1	-1.54200E-1	-3.85501E+1	4.36779E+3
2.13243E-1	-1.54207E-1	-3.85518E+1	4.36788E+3
2.14277E-1	-1.54171E-1	-3.85427E+1	4.36796E+3
2.14613E-1	-1.54162E-1	-3.85406E+1	4.36804E+3
2.15646E-1	-1.54195E-1	-3.85489E+1	4.36813E+3
2.15986E-1	-1.54203E-1	-3.85508E+1	4.36821E+3
2.17020E-1	-1.54207E-1	-3.85518E+1	4.36829E+3
2.17716E-1	-1.54164E-1	-3.85409E+1	4.36838E+3
2.18748E-1	-1.54149E-1	-3.85372E+1	4.36846E+3
2.19090E-1	-1.54144E-1	-3.85360E+1	4.36854E+3
2.20113E-1	-1.54188E-1	-3.85470E+1	4.36863E+3
2.20461E-1	-1.54175E-1	-3.85438E+1	4.36871E+3
2.21495E-1	-1.54231E-1	-3.85578E+1	4.36880E+3
2.22194E-1	-1.54144E-1	-3.85360E+1	4.36888E+3
2.23227E-1	-1.54011E-1	-3.85026E+1	4.36896E+3
2.23568E-1	-1.54169E-1	-3.85423E+1	4.36905E+3
2.24599E-1	-1.54159E-1	-3.85399E+1	4.36913E+3
2.25296E-1	-1.54073E-1	-3.85183E+1	4.36921E+3
2.25978E-1	-1.54147E-1	-3.85367E+1	4.36930E+3
2.26665E-1	-1.54212E-1	-3.85530E+1	4.36938E+3
2.27705E-1	-1.54165E-1	-3.85412E+1	4.36946E+3
2.28051E-1	-1.54115E-1	-3.85287E+1	4.36955E+3
2.29079E-1	-1.54200E-1	-3.85500E+1	4.36963E+3
2.29771E-1	-1.54176E-1	-3.85441E+1	4.36972E+3
2.30801E-1	-1.54245E-1	-3.85613E+1	4.36980E+3
2.31153E-1	-1.54193E-1	-3.85483E+1	4.36988E+3
2.32179E-1	-1.54137E-1	-3.85342E+1	4.36997E+3
2.32521E-1	-1.54142E-1	-3.85354E+1	4.37005E+3
2.33560E-1	-1.54203E-1	-3.85508E+1	4.37013E+3
2.34247E-1	-1.54182E-1	-3.85456E+1	4.37022E+3
2.35283E-1	-1.54205E-1	-3.85513E+1	4.37030E+3
2.35630E-1	-1.54144E-1	-3.85360E+1	4.37038E+3
2.36664E-1	-1.54097E-1	-3.85243E+1	4.37047E+3
2.37005E-1	-1.54019E-1	-3.85048E+1	4.37055E+3
2.38051E-1	-1.54186E-1	-3.85464E+1	4.37064E+3
2.38728E-1	-1.54019E-1	-3.85048E+1	4.37072E+3
2.39770E-1	-1.54130E-1	-3.85326E+1	4.37080E+3
2.40104E-1	-1.54032E-1	-3.85079E+1	4.37089E+3
2.41147E-1	-1.54130E-1	-3.85325E+1	4.37097E+3
2.41482E-1	-1.54122E-1	-3.85304E+1	4.37105E+3
2.42511E-1	-1.54152E-1	-3.85379E+1	4.37114E+3
2.43206E-1	-1.54172E-1	-3.85430E+1	4.37122E+3
2.44235E-1	-1.54065E-1	-3.85163E+1	4.37130E+3
2.44590E-1	-1.54031E-1	-3.85079E+1	4.37139E+3
2.45611E-1	-1.54027E-1	-3.85068E+1	4.37147E+3
2.46301E-1	-1.54015E-1	-3.85037E+1	4.37156E+3
2.46987E-1	-1.54061E-1	-3.85152E+1	4.37164E+3
2.47684E-1	-1.53980E-1	-3.84951E+1	4.37172E+3
2.48718E-1	-1.53950E-1	-3.84874E+1	4.37181E+3
2.49054E-1	-1.53995E-1	-3.84988E+1	4.37189E+3
2.50087E-1	-1.54069E-1	-3.85173E+1	4.37197E+3
2.50783E-1	-1.54076E-1	-3.85191E+1	4.37206E+3
2.51811E-1	-1.54038E-1	-3.85095E+1	4.37214E+3
2.52148E-1	-1.53986E-1	-3.84964E+1	4.37222E+3
2.53182E-1	-1.54068E-1	-3.85170E+1	4.37231E+3
2.53528E-1	-1.53926E-1	-3.84816E+1	4.37239E+3
2.54569E-1	-1.54017E-1	-3.85042E+1	4.37247E+3
2.55234E-1	-1.54013E-1	-3.85034E+1	4.37256E+3
2.56279E-1	-1.53937E-1	-3.84842E+1	4.37264E+3
2.56610E-1	-1.53969E-1	-3.84922E+1	4.37273E+3
2.57651E-1	-1.53950E-1	-3.84874E+1	4.37281E+3
2.57995E-1	-1.54030E-1	-3.85075E+1	4.37289E+3
2.59037E-1	-1.54042E-1	-3.85105E+1	4.37298E+3
2.59728E-1	-1.53898E-1	-3.84744E+1	4.37306E+3
2.60755E-1	-1.54007E-1	-3.85017E+1	4.37314E+3
2.61102E-1	-1.53916E-1	-3.84789E+1	4.37323E+3
2.62134E-1	-1.53923E-1	-3.84807E+1	4.37331E+3
2.62472E-1	-1.53907E-1	-3.84767E+1	4.37339E+3
2.63500E-1	-1.53812E-1	-3.84531E+1	4.37348E+3
2.64193E-1	-1.53856E-1	-3.84640E+1	4.37356E+3
2.65224E-1	-1.53919E-1	-3.84797E+1	4.37365E+3
2.65564E-1	-1.53831E-1	-3.84578E+1	4.37373E+3
2.66610E-1	-1.53844E-1	-3.84609E+1	4.37381E+3
2.67298E-1	-1.53933E-1	-3.84834E+1	4.37390E+3
2.67986E-1	-1.53864E-1	-3.84660E+1	4.37398E+3
2.68687E-1	-1.53853E-1	-3.84632E+1	4.37406E+3
2.69711E-1	-1.53964E-1	-3.84909E+1	4.37415E+3
2.70058E-1	-1.53922E-1	-3.84806E+1	4.37423E+3
2.71089E-1	-1.53814E-1	-3.84536E+1	4.37431E+3
2.71769E-1	-1.53928E-1	-3.84820E+1	4.37440E+3
2.72809E-1	-1.53833E-1	-3.84583E+1	4.37448E+3
2.73162E-1	-1.53832E-1	-3.84581E+1	4.37457E+3
2.74185E-1	-1.53817E-1	-3.84542E+1	4.37465E+3
2.74525E-1	-1.53827E-1	-3.84567E+1	4.37473E+3
2.75558E-1	-1.53749E-1	-3.84373E+1	4.37482E+3
2.76254E-1	-1.53775E-1	-3.84436E+1	4.37490E+3
2.77296E-1	-1.53776E-1	-3.84439E+1	4.37498E+3
2.77648E-1	-1.53740E-1	-3.84350E+1	4.37507E+3
2.78683E-1	-1.53713E-1	-3.84282E+1	4.37515E+3
2.79027E-1	-1.53792E-1	-3.84479E+1	4.37523E+3
2.80059E-1	-1.53850E-1	-3.84626E+1	4.37532E+3
2.80748E-1	-1.53792E-1	-3.84479E+1	4.37540E+3
2.81788E-1	-1.53770E-1	-3.84425E+1	4.37549E+3
2.82132E-1	-1.53863E-1	-3.84658E+1	4.37557E+3
2.83159E-1	-1.53707E-1	-3.84269E+1	4.37565E+3
2.83504E-1	-1.53710E-1	-3.84275E+1	4.37574E+3
2.84549E-1	-1.53674E-1	-3.84185E+1	4.37582E+3
2.85238E-1	-1.53877E-1	-3.84692E+1	4.37590E+3
2.86266E-1	-1.53731E-1	-3.84327E+1	4.37599E+3
2.86606E-1	-1.53716E-1	-3.84291E+1	4.37607E+3
2.87641E-1	-1.53702E-1	-3.84254E+1	4.37615E+3
2.88341E-1	-1.53721E-1	-3.84303E+1	4.37624E+3
2.89031E-1	-1.53689E-1	-3.84221E+1	4.37632E+3
2.89711E-1	-1.53754E-1	-3.84384E+1	4.37641E+3
2.90741E-1	-1.53808E-1	-3.84521E+1	4.37649E+3
2.91079E-1	-1.53686E-1	-3.84216E+1	4.37657E+3
2.92125E-1	-1.53687E-1	-3.84216E+1	4.37666E+3
2.92817E-1	-1.53741E-1	-3.84354E+1	4.37674E+3
2.93511E-1	-1.53724E-1	-3.84310E+1	4.37682E+3
2.94185E-1	-1.53665E-1	-3.84162E+1	4.37691E+3
2.95222E-1	-1.53664E-1	-3.84160E+1	4.37699E+3
2.95568E-1	-1.53701E-1	-3.84252E+1	4.37707E+3
2.96588E-1	-1.53623E-1	-3.84057E+1	4.37716E+3
2.97286E-1	-1.53588E-1	-3.83970E+1	4.37724E+3
2.98320E-1	-1.53588E-1	-3.83971E+1	4.37733E+3
2.98663E-1	-1.53565E-1	-3.83912E+1	4.37741E+3
2.99673E-1	-1.53479E-1	-3.83698E+1	4.37749E+3
3.00031E-1	-1.53578E-1	-3.83946E+1	4.37758E+3
3.01072E-1	-1.53554E-1	-3.83886E+1	4.37766E+3
3.01760E-1	-1.53477E-1	-3.83692E+1	4.37774E+3
3.02782E-1	-1.53567E-1	-3.83918E+1	4.37783E+3
3.03134E-1	-1.53567E-1	-3.83917E+1	4.37791E+3
3.04160E-1	-1.53528E-1	-3.83821E+1	4.37799E+3
3.04519E-1	-1.53496E-1	-3.83739E+1	4.37808E+3
3.05545E-1	-1.53455E-1	-3.83639E+1	4.37816E+3
3.06237E-1	-1.53481E-1	-3.83704E+1	4.37824E+3
3.07275E-1	-1.53516E-1	-3.83791E+1	4.37833E+3
3.07619E-1	-1.53538E-1	-3.83845E+1	4.37841E+3
3.08649E-1	-1.53536E-1	-3.83841E+1	4.37850E+3
3.08998E-1	-1.53557E-1	-3.83892E+1	4.37858E+3
3.10027E-1	-1.53544E-1	-3.83859E+1	4.37866E+3
3.10718E-1	-1.53458E-1	-3.83646E+1	4.37875E+3
3.11759E-1	-1.53449E-1	-3.83622E+1	4.37883E+3
3.12095E-1	-1.53451E-1	-3.83627E+1	4.37891E+3
3.13128E-1	-1.53471E-1	-3.83677E+1	4.37900E+3
3.13825E-1	-1.53435E-1	-3.83588E+1	4.37908E+3
3.14511E-1	-1.53360E-1	-3.83401E+1	4.37916E+3
3.15194E-1	-1.53360E-1	-3.83399E+1	4.37925E+3
3.16232E-1	-1.53447E-1	-3.83619E+1	4.37933E+3
3.16577E-1	-1.53357E-1	-3.83394E+1	4.37942E+3
3.17597E-1	-1.53344E-1	-3.83361E+1	4.37950E+3
3.18294E-1	-1.53333E-1	-3.83332E+1	4.37958E+3
3.19326E-1	-1.53444E-1	-3.83610E+1	4.37967E+3
3.19673E-1	-1.53367E-1	-3.83419E+1	4.37975E+3
3.20710E-1	-1.53391E-1	-3.83478E+1	4.37983E+3
3.21056E-1	-1.53360E-1	-3.83399E+1	4.37992E+3
3.22076E-1	-1.53346E-1	-3.83364E+1	4.38000E+3
3.22773E-1	-1.53357E-1	-3.83391E+1	4.38008E+3
3.23803E-1	-1.53425E-1	-3.83561E+1	4.38017E+3
3.24147E-1	-1.53296E-1	-3.83240E+1	4.38025E+3
3.25184E-1	-1.53284E-1	-3.83209E+1	4.38033E+3
3.25533E-1	-1.53268E-1	-3.83169E+1	4.38042E+3
3.26567E-1	-1.53239E-1	-3.83098E+1	4.38050E+3
3.27252E-1	-1.53287E-1	-3.83217E+1	4.38059E+3
3.28291E-1	-1.53265E-1	-3.83163E+1	4.38067E+3
3.28640E-1	-1.53262E-1	-3.83154E+1	4.38075E+3
3.29655E-1	-1.53234E-1	-3.83086E+1	4.38084E+3
3.30016E-1	-1.53270E-1	-3.83174E+1	4.38092E+3
3.31042E-1	-1.53168E-1	-3.82921E+1	4.38100E+3
3.31719E-1	-1.53196E-1	-3.82990E+1	4.38109E+3
3.32768E-1	-1.53174E-1	-3.82936E+1	4.38117E+3
3.33122E-1	-1.53083E-1	-3.82707E+1	4.38125E+3
3.34155E-1	-1.53180E-1	-3.82949E+1	4.38134E+3
3.34828E-1	-1.53228E-1	-3.83070E+1	4.38142E+3
3.35529E-1	-1.53154E-1	-3.82884E+1	4.38150E+3
3.36208E-1	-1.53187E-1	-3.82967E+1	4.38159E+3
3.37250E-1	-1.53183E-1	-3.82957E+1	4.38167E+3
3.37590E-1	-1.53154E-1	-3.82884E+1	4.38176E+3
3.38633E-1	-1.53017E-1	-3.82544E+1	4.38184E+3
3.39313E-1	-1.53034E-1	-3.82584E+1	4.38192E+3
3.40342E-1	-1.53022E-1	-3.82556E+1	4.38201E+3
3.40697E-1	-1.53161E-1	-3.82902E+1	4.38209E+3
3.41716E-1	-1.52991E-1	-3.82479E+1	4.38217E+3
3.42064E-1	-1.53126E-1	-3.82816E+1	4.38226E+3
3.43088E-1	-1.53017E-1	-3.82544E+1	4.38234E+3
3.43786E-1	-1.52952E-1	-3.82379E+1	4.38242E+3
3.44813E-1	-1.53017E-1	-3.82544E+1	4.38251E+3
3.45158E-1	-1.52995E-1	-3.82488E+1	4.38259E+3
3.46187E-1	-1.52970E-1	-3.82426E+1	4.38268E+3
3.46527E-1	-1.52943E-1	-3.82357E+1	4.38276E+3
3.47567E-1	-1.53037E-1	-3.82593E+1	4.38284E+3
3.48254E-1	-1.53032E-1	-3.82581E+1	4.38293E+3
3.49297E-1	-1.52930E-1	-3.82325E+1	4.38301E+3
3.49636E-1	-1.52854E-1	-3.82136E+1	4.38309E+3
3.50670E-1	-1.52966E-1	-3.82415E+1	4.38318E+3
3.51017E-1	-1.53002E-1	-3.82506E+1	4.38326E+3
3.52052E-1	-1.52819E-1	-3.82048E+1	4.38334E+3
3.52738E-1	-1.52845E-1	-3.82112E+1	4.38343E+3
3.53774E-1	-1.52903E-1	-3.82259E+1	4.38351E+3
3.54120E-1	-1.52906E-1	-3.82264E+1	4.38360E+3
3.55154E-1	-1.52858E-1	-3.82145E+1	4.38368E+3
3.55843E-1	-1.52799E-1	-3.81998E+1	4.38376E+3
3.56530E-1	-1.52750E-1	-3.81876E+1	4.38385E+3
3.57216E-1	-1.52792E-1	-3.81980E+1	4.38393E+3
3.58248E-1	-1.52841E-1	-3.82104E+1	4.38401E+3
3.58604E-1	-1.52776E-1	-3.81939E+1	4.38410E+3
3.59630E-1	-1.52772E-1	-3.81931E+1	4.38418E+3
3.60313E-1	-1.52827E-1	-3.82068E+1	4.38426E+3
3.61020E-1	-1.52726E-1	-3.81815E+1	4.38435E+3
3.61699E-1	-1.52732E-1	-3.81829E+1	4.38443E+3
3.62727E-1	-1.52700E-1	-3.81749E+1	4.38452E+3
3.63072E-1	-1.52674E-1	-3.81684E+1	4.38460E+3
3.64106E-1	-1.52710E-1	-3.81775E+1	4.38468E+3
3.64790E-1	-1.52639E-1	-3.81597E+1	4.38477E+3
3.65803E-1	-1.52701E-1	-3.81753E+1	4.38485E+3
3.66150E-1	-1.52704E-1	-3.81761E+1	4.38493E+3
3.67185E-1	-1.52631E-1	-3.81576E+1	4.38502E+3
3.67533E-1	-1.52675E-1	-3.81688E+1	4.38510E+3
3.68571E-1	-1.52630E-1	-3.81574E+1	4.38518E+3
3.69259E-1	-1.52556E-1	-3.81391E+1	4.38527E+3
3.70292E-1	-1.52631E-1	-3.81577E+1	4.38535E+3
3.70628E-1	-1.52529E-1	-3.81323E+1	4.38543E+3
3.71676E-1	-1.52493E-1	-3.81234E+1	4.38552E+3
3.72020E-1	-1.52623E-1	-3.81556E+1	4.38560E+3
3.73052E-1	-1.52568E-1	-3.81419E+1	4.38569E+3
3.73738E-1	-1.52476E-1	-3.81191E+1	4.38577E+3
3.74769E-1	-1.52467E-1	-3.81168E+1	4.38585E+3
3.75106E-1	-1.52498E-1	-3.81245E+1	4.38594E+3
3.76151E-1	-1.52495E-1	-3.81238E+1	4.38602E+3
3.76848E-1	-1.52498E-1	-3.81245E+1	4.38610E+3
3.77540E-1	-1.52471E-1	-3.81177E+1	4.38619E+3
3.78228E-1	-1.52522E-1	-3.81306E+1	4.38627E+3
3.79257E-1	-1.52400E-1	-3.80999E+1	4.38635E+3
3.79603E-1	-1.52338E-1	-3.80846E+1	4.38644E+3
3.80625E-1	-1.52308E-1	-3.80770E+1	4.38652E+3
3.81318E-1	-1.52390E-1	-3.80976E+1	4.38661E+3
3.82006E-1	-1.52413E-1	-3.81032E+1	4.38669E+3
3.82692E-1	-1.52398E-1	-3.80995E+1	4.38677E+3
3.83728E-1	-1.52228E-1	-3.80570E+1	4.38686E+3
3.84063E-1	-1.52302E-1	-3.80756E+1	4.38694E+3
3.85100E-1	-1.52343E-1	-3.80859E+1	4.38702E+3
3.85803E-1	-1.52250E-1	-3.80626E+1	4.38711E+3
3.86822E-1	-1.52301E-1	-3.80752E+1	4.38719E+3
3.87171E-1	-1.52269E-1	-3.80673E+1	4.38727E+3
3.88184E-1	-1.52247E-1	-3.80618E+1	4.38736E+3
3.88535E-1	-1.52257E-1	-3.80641E+1	4.38744E+3
3.89565E-1	-1.52174E-1	-3.80434E+1	4.38752E+3
3.90257E-1	-1.52153E-1	-3.80383E+1	4.38761E+3
3.91289E-1	-1.52039E-1	-3.80099E+1	4.38769E+3
3.91630E-1	-1.52111E-1	-3.80277E+1	4.38778E+3
3.92661E-1	-1.52081E-1	-3.80203E+1	4.38786E+3
3.93008E-1	-1.52072E-1	-3.80179E+1	4.38794E+3
3.94039E-1	-1.52056E-1	-3.80140E+1	4.38803E+3
3.94724E-1	-1.52102E-1	-3.80255E+1	4.38811E+3
3.95755E-1	-1.52021E-1	-3.80053E+1	4.38819E+3
3.96106E-1	-1.51969E-1	-3.79923E+1	4.38828E+3
3.97147E-1	-1.51974E-1	-3.79934E+1	4.38836E+3
3.97487E-1	-1.51980E-1	-3.79951E+1	4.38845E+3
3.98520E-1	-1.52063E-1	-3.80156E+1	4.38853E+3
3.99201E-1	-1.51943E-1	-3.79857E+1	4.38861E+3
4.00235E-1	-1.51881E-1	-3.79701E+1	4.38870E+3
4.00576E-1	-1.51884E-1	-3.79711E+1	4.38878E+3
4.01609E-1	-1.51922E-1	-3.79805E+1	4.38886E+3
4.02296E-1	-1.52011E-1	-3.80028E+1	4.38895E+3
4.02986E-1	-1.51928E-1	-3.79819E+1	4.38903E+3
4.03675E-1	-1.51836E-1	-3.79591E+1	4.38911E+3
4.04705E-1	-1.51869E-1	-3.79673E+1	4.38920E+3
4.05048E-1	-1.51854E-1	-3.79635E+1	4.38928E+3
4.06089E-1	-1.51871E-1	-3.79678E+1	4.38936E+3
4.06782E-1	-1.51881E-1	-3.79701E+1	4.38945E+3
4.07815E-1	-1.51854E-1	-3.79634E+1	4.38953E+3
4.08158E-1	-1.51771E-1	-3.79428E+1	4.38962E+3
4.09196E-1	-1.51622E-1	-3.79055E+1	4.38970E+3
4.09536E-1	-1.51647E-1	-3.79118E+1	4.38978E+3
4.10571E-1	-1.51687E-1	-3.79217E+1	4.38987E+3
4.11261E-1	-1.51621E-1	-3.79053E+1	4.38995E+3
4.12287E-1	-1.51634E-1	-3.79084E+1	4.39003E+3
4.12644E-1	-1.51591E-1	-3.78978E+1	4.39012E+3
4.13678E-1	-1.51565E-1	-3.78913E+1	4.39020E+3
4.14031E-1	-1.51543E-1	-3.78858E+1	4.39028E+3
4.15044E-1	-1.51543E-1	-3.78858E+1	4.39037E+3
4.15738E-1	-1.51611E-1	-3.79029E+1	4.39045E+3
4.16775E-1	-1.51565E-1	-3.78913E+1	4.39054E+3
4.17110E-1	-1.51510E-1	-3.78775E+1	4.39062E+3
4.18151E-1	-1.51540E-1	-3.78851E+1	4.39070E+3
4.18488E-1	-1.51500E-1	-3.78749E+1	4.39079E+3
4.19527E-1	-1.51324E-1	-3.78310E+1	4.39087E+3
4.20212E-1	-1.51457E-1	-3.78642E+1	4.39095E+3
4.21251E-1	-1.51456E-1	-3.78641E+1	4.39104E+3
4.21601E-1	-1.51456E-1	-3.78640E+1	4.39112E+3
4.22632E-1	-1.51359E-1	-3.78399E+1	4.39120E+3
4.23328E-1	-1.51391E-1	-3.78476E+1	4.39129E+3
4.24021E-1	-1.51287E-1	-3.78218E+1	4.39137E+3
4.24692E-1	-1.51251E-1	-3.78128E+1	4.39146E+3
4.25732E-1	-1.51370E-1	-3.78426E+1	4.39154E+3
4.26082E-1	-1.51350E-1	-3.78376E+1	4.39162E+3
4.27109E-1	-1.51259E-1	-3.78147E+1	4.39171E+3
4.27804E-1	-1.51222E-1	-3.78054E+1	4.39179E+3
4.28829E-1	-1.51181E-1	-3.77951E+1	4.39187E+3
4.29182E-1	-1.51178E-1	-3.77946E+1	4.39196E+3
4.30213E-1	-1.51177E-1	-3.77943E+1	4.39204E+3
4.31235E-1	-1.51110E-1	-3.77774E+1	4.39212E+3
4.31575E-1	-1.51131E-1	-3.77828E+1	4.39221E+3
4.32608E-1	-1.51027E-1	-3.77567E+1	4.39229E+3
4.33300E-1	-1.51068E-1	-3.77669E+1	4.39237E+3
4.33979E-1	-1.51105E-1	-3.77762E+1	4.39246E+3
4.34674E-1	-1.51077E-1	-3.77694E+1	4.39254E+3
4.35719E-1	-1.50905E-1	-3.77262E+1	4.39263E+3
4.36052E-1	-1.50903E-1	-3.77259E+1	4.39271E+3
4.37090E-1	-1.50935E-1	-3.77338E+1	4.39279E+3
4.37774E-1	-1.50880E-1	-3.77201E+1	4.39288E+3
4.38804E-1	-1.50877E-1	-3.77191E+1	4.39296E+3
4.39154E-1	-1.50974E-1	-3.77435E+1	4.39304E+3
4.40182E-1	-1.50745E-1	-3.76862E+1	4.39313E+3
4.40526E-1	-1.50937E-1	-3.77341E+1	4.39321E+3
4.41555E-1	-1.50851E-1	-3.77129E+1	4.39329E+3
4.42255E-1	-1.50838E-1	-3.77095E+1	4.39338E+3
4.43273E-1	-1.50721E-1	-3.76803E+1	4.39346E+3
4.43645E-1	-1.50651E-1	-3.76628E+1	4.39355E+3
4.44654E-1	-1.50633E-1	-3.76583E+1	4.39363E+3
4.45014E-1	-1.50592E-1	-3.76480E+1	4.39371E+3
4.46036E-1	-1.50668E-1	-3.76671E+1	4.39380E+3
4.46723E-1	-1.50613E-1	-3.76533E+1	4.39388E+3
4.47761E-1	-1.50605E-1	-3.76514E+1	4.39396E+3
4.48107E-1	-1.50628E-1	-3.76569E+1	4.39405E+3
4.49138E-1	-1.50454E-1	-3.76135E+1	4.39413E+3
4.49476E-1	-1.50439E-1	-3.76096E+1	4.39421E+3
4.50513E-1	-1.50345E-1	-3.75864E+1	4.39430E+3
4.51203E-1	-1.50476E-1	-3.76189E+1	4.39438E+3
4.52239E-1	-1.50374E-1	-3.75936E+1	4.39446E+3
4.52586E-1	-1.50348E-1	-3.75870E+1	4.39455E+3
4.53600E-1	-1.50319E-1	-3.75797E+1	4.39463E+3
4.54287E-1	-1.50250E-1	-3.75625E+1	4.39472E+3
4.54981E-1	-1.50225E-1	-3.75562E+1	4.39480E+3
4.55669E-1	-1.50250E-1	-3.75626E+1	4.39488E+3
4.56708E-1	-1.50183E-1	-3.75458E+1	4.39497E+3
4.57042E-1	-1.50215E-1	-3.75537E+1	4.39505E+3
4.58081E-1	-1.50115E-1	-3.75287E+1	4.39513E+3
4.58771E-1	-1.50046E-1	-3.75115E+1	4.39522E+3
4.59803E-1	-1.50000E-1	-3.75001E+1	4.39530E+3
4.60154E-1	-1.50058E-1	-3.75146E+1	4.39538E+3
4.61182E-1	-1.50088E-1	-3.75220E+1	4.39547E+3
4.61528E-1	-1.49884E-1	-3.74710E+1	4.39555E+3
4.62561E-1	-1.49887E-1	-3.74718E+1	4.39564E+3
4.63246E-1	-1.49935E-1	-3.74839E+1	4.39572E+3
4.64283E-1	-1.49870E-1	-3.74674E+1	4.39580E+3
4.64633E-1	-1.49848E-1	-3.74620E+1	4.39589E+3
4.65652E-1	-1.49802E-1	-3.74504E+1	4.39597E+3
4.66010E-1	-1.49783E-1	-3.74457E+1	4.39605E+3
4.67043E-1	-1.49690E-1	-3.74225E+1	4.39614E+3
4.67741E-1	-1.49667E-1	-3.74167E+1	4.39622E+3
4.68765E-1	-1.49727E-1	-3.74317E+1	4.39630E+3
4.69109E-1	-1.49642E-1	-3.74104E+1	4.39639E+3
4.70142E-1	-1.49520E-1	-3.73801E+1	4.39647E+3
4.70487E-1	-1.49640E-1	-3.74101E+1	4.39656E+3
4.71528E-1	-1.49523E-1	-3.73807E+1	4.39664E+3
4.72222E-1	-1.49490E-1	-3.73726E+1	4.39672E+3
4.73246E-1	-1.49445E-1	-3.73612E+1	4.39681E+3
4.73597E-1	-1.49507E-1	-3.73767E+1	4.39689E+3
4.74630E-1	-1.49399E-1	-3.73497E+1	4.39697E+3
4.75318E-1	-1.49291E-1	-3.73227E+1	4.39706E+3
4.75995E-1	-1.49356E-1	-3.73390E+1	4.39714E+3
4.76684E-1	-1.49333E-1	-3.73332E+1	4.39722E+3
4.77715E-1	-1.49297E-1	-3.73242E+1	4.39731E+3
4.78061E-1	-1.49251E-1	-3.73127E+1	4.39739E+3
4.79094E-1	-1.49197E-1	-3.72993E+1	4.39748E+3
4.79787E-1	-1.49249E-1	-3.73123E+1	4.39756E+3
4.80824E-1	-1.49178E-1	-3.72946E+1	4.39764E+3
4.81159E-1	-1.49191E-1	-3.72978E+1	4.39773E+3
4.82195E-1	-1.49061E-1	-3.72653E+1	4.39781E+3
4.82542E-1	-1.48950E-1	-3.72375E+1	4.39789E+3
4.83547E-1	-1.49028E-1	-3.72570E+1	4.39798E+3
4.84257E-1	-1.48983E-1	-3.72458E+1	4.39806E+3
4.85296E-1	-1.48747E-1	-3.71868E+1	4.39814E+3
4.85634E-1	-1.48753E-1	-3.71881E+1	4.39823E+3
4.86680E-1	-1.48805E-1	-3.72012E+1	4.39831E+3
4.87018E-1	-1.48740E-1	-3.71849E+1	4.39840E+3
4.88051E-1	-1.48556E-1	-3.71390E+1	4.39848E+3
4.88730E-1	-1.48714E-1	-3.71785E+1	4.39856E+3
4.89773E-1	-1.48513E-1	-3.71283E+1	4.39865E+3
4.90110E-1	-1.48582E-1	-3.71454E+1	4.39873E+3
4.91140E-1	-1.48523E-1	-3.71308E+1	4.39881E+3
4.91492E-1	-1.48507E-1	-3.71268E+1	4.39890E+3
4.92533E-1	-1.48405E-1	-3.71012E+1	4.39898E+3
4.93205E-1	-1.48413E-1	-3.71034E+1	4.39906E+3
4.94243E-1	-1.48294E-1	-3.70735E+1	4.39915E+3
4.94597E-1	-1.48327E-1	-3.70817E+1	4.39923E+3
4.95623E-1	-1.48259E-1	-3.70647E+1	4.39931E+3
4.96304E-1	-1.48307E-1	-3.70767E+1	4.39940E+3
4.96995E-1	-1.48180E-1	-3.70450E+1	4.39948E+3
4.97680E-1	-1.48147E-1	-3.70368E+1	4.39957E+3
4.98717E-1	-1.48104E-1	-3.70261E+1	4.39965E+3
4.99065E-1	-1.48091E-1	-3.70228E+1	4.39973E+3
5.00097E-1	-1.48032E-1	-3.70081E+1	4.39982E+3
5.00791E-1	-1.47932E-1	-3.69829E+1	4.39990E+3
5.01485E-1	-1.47850E-1	-3.69625E+1	4.39998E+3
5.02172E-1	-1.47813E-1	-3.69532E+1	4.40007E+3
5.03206E-1	-1.47798E-1	-3.69496E+1	4.40015E+3
5.03554E-1	-1.47655E-1	-3.69139E+1	4.40023E+3
5.04577E-1	-1.47637E-1	-3.69092E+1	4.40032E+3
5.05267E-1	-1.47649E-1	-3.69122E+1	4.40040E+3
5.06292E-1	-1.47656E-1	-3.69141E+1	4.40049E+3
5.06649E-1	-1.47502E-1	-3.68754E+1	4.40057E+3
5.07684E-1	-1.47394E-1	-3.68484E+1	4.40065E+3
5.08023E-1	-1.47443E-1	-3.68608E+1	4.40074E+3
5.09066E-1	-1.47369E-1	-3.68422E+1	4.40082E+3
5.09748E-1	-1.47342E-1	-3.68355E+1	4.40090E+3
5.10782E-1	-1.47250E-1	-3.68125E+1	4.40099E+3
5.11128E-1	-1.47326E-1	-3.68316E+1	4.40107E+3
5.12159E-1	-1.47100E-1	-3.67750E+1	4.40115E+3
5.12511E-1	-1.47212E-1	-3.68030E+1	4.40124E+3
5.13542E-1	-1.47082E-1	-3.67705E+1	4.40132E+3
5.14242E-1	-1.47017E-1	-3.67542E+1	4.40141E+3
5.15265E-1	-1.46891E-1	-3.67226E+1	4.40149E+3
5.15615E-1	-1.46937E-1	-3.67341E+1	4.40157E+3
5.16641E-1	-1.46804E-1	-3.67011E+1	4.40166E+3
5.17336E-1	-1.46795E-1	-3.66987E+1	4.40174E+3
5.18020E-1	-1.46680E-1	-3.66699E+1	4.40182E+3
5.18704E-1	-1.46627E-1	-3.66568E+1	4.40191E+3
5.19733E-1	-1.46501E-1	-3.66254E+1	4.40199E+3
5.20078E-1	-1.46507E-1	-3.66268E+1	4.40207E+3
5.21104E-1	-1.46437E-1	-3.66091E+1	4.40216E+3
5.21783E-1	-1.46309E-1	-3.65772E+1	4.40224E+3
5.22482E-1	-1.46242E-1	-3.65604E+1	4.40233E+3
5.23167E-1	-1.46172E-1	-3.65431E+1	4.40241E+3
5.24190E-1	-1.46214E-1	-3.65534E+1	4.40249E+3
5.24539E-1	-1.46231E-1	-3.65577E+1	4.40258E+3
5.25585E-1	-1.46120E-1	-3.65299E+1	4.40266E+3
5.26277E-1	-1.46014E-1	-3.65034E+1	4.40274E+3
5.27310E-1	-1.45957E-1	-3.64893E+1	4.40283E+3
5.27658E-1	-1.45908E-1	-3.64770E+1	4.40291E+3
5.28692E-1	-1.45702E-1	-3.64255E+1	4.40299E+3
5.29043E-1	-1.45713E-1	-3.64282E+1	4.40308E+3
5.30062E-1	-1.45577E-1	-3.63942E+1	4.40316E+3
5.30760E-1	-1.45488E-1	-3.63720E+1	4.40324E+3
5.31799E-1	-1.45337E-1	-3.63342E+1	4.40333E+3
5.32132E-1	-1.45386E-1	-3.63465E+1	4.40341E+3
5.33173E-1	-1.45246E-1	-3.63115E+1	4.40350E+3
5.33516E-1	-1.45235E-1	-3.63088E+1	4.40358E+3
5.34542E-1	-1.45117E-1	-3.62792E+1	4.40366E+3
5.35230E-1	-1.45012E-1	-3.62529E+1	4.40375E+3
5.36276E-1	-1.44881E-1	-3.62203E+1	4.40383E+3
5.36599E-1	-1.44857E-1	-3.62142E+1	4.40391E+3
5.37656E-1	-1.44751E-1	-3.61878E+1	4.40400E+3
5.37990E-1	-1.44696E-1	-3.61739E+1	4.40408E+3
5.39029E-1	-1.44560E-1	-3.61401E+1	4.40416E+3
5.39702E-1	-1.44497E-1	-3.61242E+1	4.40425E+3
5.40746E-1	-1.44331E-1	-3.60827E+1	4.40433E+3
5.41082E-1	-1.44283E-1	-3.60708E+1	4.40442E+3
5.42099E-1	-1.44182E-1	-3.60456E+1	4.40450E+3
5.42789E-1	-1.44076E-1	-3.60190E+1	4.40458E+3
5.43479E-1	-1.44053E-1	-3.60131E+1	4.40467E+3
5.44171E-1	-1.43860E-1	-3.59650E+1	4.40475E+3
5.45204E-1	-1.43793E-1	-3.59482E+1	4.40483E+3
5.45555E-1	-1.43815E-1	-3.59537E+1	4.40492E+3
5.46567E-1	-1.43665E-1	-3.59162E+1	4.40500E+3
5.47259E-1	-1.43594E-1	-3.58985E+1	4.40508E+3
5.48301E-1	-1.43297E-1	-3.58243E+1	4.40517E+3
5.48642E-1	-1.43259E-1	-3.58148E+1	4.40525E+3
5.49682E-1	-1.43141E-1	-3.57852E+1	4.40533E+3
5.50020E-1	-1.43157E-1	-3.57893E+1	4.40542E+3
5.51056E-1	-1.43157E-1	-3.57893E+1	4.40550E+3
5.51744E-1	-1.42878E-1	-3.57196E+1	4.40558E+3
5.52789E-1	-1.42637E-1	-3.56593E+1	4.40567E+3
5.53133E-1	-1.42654E-1	-3.56635E+1	4.40575E+3
5.54163E-1	-1.42449E-1	-3.56123E+1	4.40584E+3
5.54516E-1	-1.42430E-1	-3.56074E+1	4.40592E+3
5.55545E-1	-1.42251E-1	-3.55628E+1	4.40600E+3
5.56233E-1	-1.42159E-1	-3.55399E+1	4.40609E+3
5.57266E-1	-1.41910E-1	-3.54775E+1	4.40617E+3
5.57606E-1	-1.41834E-1	-3.54584E+1	4.40625E+3
5.58649E-1	-1.41689E-1	-3.54223E+1	4.40634E+3
5.58985E-1	-1.41666E-1	-3.54165E+1	4.40642E+3
5.60021E-1	-1.41450E-1	-3.53624E+1	4.40650E+3
5.60699E-1	-1.41323E-1	-3.53307E+1	4.40659E+3
5.61737E-1	-1.41134E-1	-3.52835E+1	4.40667E+3
5.62083E-1	-1.41155E-1	-3.52887E+1	4.40676E+3
5.63118E-1	-1.40948E-1	-3.52371E+1	4.40684E+3
5.63790E-1	-1.40738E-1	-3.51844E+1	4.40692E+3
5.64484E-1	-1.40582E-1	-3.51454E+1	4.40701E+3
5.65165E-1	-1.40446E-1	-3.51114E+1	4.40709E+3
5.66205E-1	-1.40265E-1	-3.50662E+1	4.40717E+3
5.66542E-1	-1.40132E-1	-3.50329E+1	4.40726E+3
5.67585E-1	-1.39938E-1	-3.49845E+1	4.40734E+3
5.68270E-1	-1.39818E-1	-3.49544E+1	4.40742E+3
5.69304E-1	-1.39603E-1	-3.49009E+1	4.40751E+3
5.69646E-1	-1.39508E-1	-3.48769E+1	4.40759E+3
5.70675E-1	-1.39279E-1	-3.48197E+1	4.40767E+3
5.71025E-1	-1.39199E-1	-3.47997E+1	4.40776E+3
5.72055E-1	-1.38961E-1	-3.47403E+1	4.40784E+3
5.72747E-1	-1.38894E-1	-3.47236E+1	4.40793E+3
5.73784E-1	-1.38616E-1	-3.46540E+1	4.40801E+3
5.74120E-1	-1.38481E-1	-3.46201E+1	4.40809E+3
5.75161E-1	-1.38197E-1	-3.45492E+1	4.40818E+3
5.75512E-1	-1.38136E-1	-3.45341E+1	4.40826E+3
5.76542E-1	-1.37771E-1	-3.44428E+1	4.40834E+3
5.77227E-1	-1.37584E-1	-3.43961E+1	4.40843E+3
5.78257E-1	-1.37285E-1	-3.43211E+1	4.40851E+3
5.78605E-1	-1.37319E-1	-3.43299E+1	4.40859E+3
5.79633E-1	-1.36922E-1	-3.42305E+1	4.40868E+3
5.79979E-1	-1.36847E-1	-3.42117E+1	4.40876E+3
5.81022E-1	-1.36570E-1	-3.41425E+1	4.40885E+3
5.81705E-1	-1.36298E-1	-3.40745E+1	4.40893E+3
5.82724E-1	-1.35971E-1	-3.39927E+1	4.40901E+3
5.83082E-1	-1.35834E-1	-3.39585E+1	4.40910E+3
5.84109E-1	-1.35657E-1	-3.39143E+1	4.40918E+3
5.84797E-1	-1.35359E-1	-3.38398E+1	4.40926E+3
5.85487E-1	-1.35132E-1	-3.37831E+1	4.40935E+3
5.86180E-1	-1.34817E-1	-3.37043E+1	4.40943E+3
5.87216E-1	-1.34538E-1	-3.36344E+1	4.40951E+3
5.87566E-1	-1.34484E-1	-3.36211E+1	4.40960E+3
5.88589E-1	-1.33915E-1	-3.34788E+1	4.40968E+3
5.89281E-1	-1.33675E-1	-3.34188E+1	4.40977E+3
5.89964E-1	-1.33509E-1	-3.33773E+1	4.40985E+3
5.90667E-1	-1.33168E-1	-3.32919E+1	4.40993E+3
5.91697E-1	-1.32740E-1	-3.31851E+1	4.41002E+3
5.92048E-1	-1.32621E-1	-3.31552E+1	4.41010E+3
5.93081E-1	-1.32162E-1	-3.30406E+1	4.41018E+3
5.93776E-1	-1.31965E-1	-3.29913E+1	4.41027E+3
5.94803E-1	-1.31462E-1	-3.28656E+1	4.41035E+3
5.95144E-1	-1.31300E-1	-3.28249E+1	4.41043E+3
5.96172E-1	-1.30878E-1	-3.27196E+1	4.41052E+3
5.96518E-1	-1.30716E-1	-3.26790E+1	4.41060E+3
5.97550E-1	-1.30212E-1	-3.25530E+1	4.41069E+3
5.98242E-1	-1.29776E-1	-3.24440E+1	4.41077E+3
5.99280E-1	-1.29393E-1	-3.23482E+1	4.41085E+3
5.99617E-1	-1.29106E-1	-3.22764E+1	4.41094E+3
6.00652E-1	-1.28671E-1	-3.21678E+1	4.41102E+3
6.00996E-1	-1.28447E-1	-3.21118E+1	4.41110E+3
6.02031E-1	-1.27880E-1	-3.19700E+1	4.41119E+3
6.02714E-1	-1.27553E-1	-3.18882E+1	4.41127E+3
6.03750E-1	-1.26952E-1	-3.17380E+1	4.41135E+3
6.04103E-1	-1.26718E-1	-3.16796E+1	4.41144E+3
6.05127E-1	-1.26023E-1	-3.15058E+1	4.41152E+3
6.05470E-1	-1.25899E-1	-3.14747E+1	4.41160E+3
6.06502E-1	-1.25291E-1	-3.13228E+1	4.41169E+3
6.07194E-1	-1.24821E-1	-3.12053E+1	4.41177E+3
6.08214E-1	-1.24131E-1	-3.10329E+1	4.41186E+3
6.08567E-1	-1.23898E-1	-3.09746E+1	4.41194E+3
6.09592E-1	-1.23259E-1	-3.08147E+1	4.41202E+3
6.10276E-1	-1.22718E-1	-3.06794E+1	4.41211E+3
6.10963E-1	-1.22256E-1	-3.05641E+1	4.41219E+3
6.11656E-1	-1.21721E-1	-3.04301E+1	4.41227E+3
6.12684E-1	-1.20954E-1	-3.02386E+1	4.41236E+3
6.13027E-1	-1.20715E-1	-3.01788E+1	4.41244E+3
6.14066E-1	-1.19802E-1	-2.99504E+1	4.41252E+3
6.14747E-1	-1.19416E-1	-2.98541E+1	4.41261E+3
6.15779E-1	-1.18445E-1	-2.96112E+1	4.41269E+3
6.16127E-1	-1.18226E-1	-2.95564E+1	4.41277E+3
6.17151E-1	-1.17279E-1	-2.93197E+1	4.41286E+3
6.17508E-1	-1.16974E-1	-2.92436E+1	4.41294E+3
6.18535E-1	-1.16027E-1	-2.90068E+1	4.41303E+3
6.19226E-1	-1.15339E-1	-2.88347E+1	4.41311E+3
6.20268E-1	-1.14353E-1	-2.85882E+1	4.41319E+3
6.20616E-1	-1.14068E-1	-2.85170E+1	4.41328E+3
6.21646E-1	-1.12917E-1	-2.82293E+1	4.41336E+3
6.21988E-1	-1.12582E-1	-2.81454E+1	4.41344E+3
6.23017E-1	-1.11584E-1	-2.78960E+1	4.41353E+3
6.23713E-1	-1.10772E-1	-2.76929E+1	4.41361E+3
6.24747E-1	-1.09657E-1	-2.74142E+1	4.41369E+3
6.25085E-1	-1.09260E-1	-2.73149E+1	4.41378E+3
6.26114E-1	-1.08020E-1	-2.70051E+1	4.41386E+3
6.26463E-1	-1.07629E-1	-2.69072E+1	4.41395E+3
6.27490E-1	-1.06377E-1	-2.65942E+1	4.41403E+3
6.28174E-1	-1.05577E-1	-2.63942E+1	4.41411E+3
6.29211E-1	-1.04219E-1	-2.60548E+1	4.41420E+3
6.29564E-1	-1.03696E-1	-2.59239E+1	4.41428E+3
6.30513E-1	-1.02489E-1	-2.56224E+1	4.41436E+3
6.31207E-1	-1.01431E-1	-2.53578E+1	4.41445E+3
6.31886E-1	-1.00484E-1	-2.51211E+1	4.41453E+3
6.32580E-1	-9.94842E-2	-2.48711E+1	4.41461E+3
6.33620E-1	-9.78573E-2	-2.44643E+1	4.41470E+3
6.33954E-1	-9.73463E-2	-2.43366E+1	4.41478E+3
6.34986E-1	-9.57168E-2	-2.39292E+1	4.41486E+3
6.35695E-1	-9.45516E-2	-2.36379E+1	4.41495E+3
6.36720E-1	-9.28253E-2	-2.32063E+1	4.41503E+3
6.37069E-1	-9.23055E-2	-2.30764E+1	4.41512E+3
6.38091E-1	-9.04627E-2	-2.26157E+1	4.41520E+3
6.38441E-1	-8.98695E-2	-2.24674E+1	4.41528E+3
6.39472E-1	-8.78775E-2	-2.19694E+1	4.41537E+3
6.40159E-1	-8.66547E-2	-2.16637E+1	4.41545E+3
6.41195E-1	-8.47218E-2	-2.11804E+1	4.41553E+3
6.41545E-1	-8.40284E-2	-2.10071E+1	4.41562E+3
6.42583E-1	-8.18645E-2	-2.04661E+1	4.41570E+3
6.42932E-1	-8.10589E-2	-2.02647E+1	4.41578E+3
6.43972E-1	-7.89293E-2	-1.97323E+1	4.41587E+3
6.44649E-1	-7.74747E-2	-1.93687E+1	4.41595E+3
6.45681E-1	-7.50203E-2	-1.87551E+1	4.41604E+3
6.46031E-1	-7.44611E-2	-1.86153E+1	4.41612E+3
6.47053E-1	-7.19086E-2	-1.79772E+1	4.41620E+3
6.47410E-1	-7.10736E-2	-1.77684E+1	4.41629E+3
6.48432E-1	-6.84632E-2	-1.71158E+1	4.41637E+3
6.49128E-1	-6.67667E-2	-1.66917E+1	4.41645E+3
6.50165E-1	-6.40873E-2	-1.60218E+1	4.41654E+3
6.50494E-1	-6.30984E-2	-1.57746E+1	4.41662E+3
6.51531E-1	-6.03690E-2	-1.50922E+1	4.41670E+3
6.52215E-1	-5.83120E-2	-1.45780E+1	4.41679E+3
6.52905E-1	-5.64390E-2	-1.41097E+1	4.41687E+3
6.53601E-1	-5.42981E-2	-1.35745E+1	4.41695E+3
6.54637E-1	-5.11185E-2	-1.27796E+1	4.41704E+3
6.54977E-1	-5.00458E-2	-1.25115E+1	4.41712E+3
6.56000E-1	-4.67233E-2	-1.16808E+1	4.41721E+3
6.56690E-1	-4.43200E-2	-1.10800E+1	4.41729E+3
6.57388E-1	-4.20379E-2	-1.05095E+1	4.41737E+3
6.58080E-1	-3.95717E-2	-9.89293E+0	4.41746E+3
6.59115E-1	-3.57738E-2	-8.94345E+0	4.41754E+3
6.59452E-1	-3.45980E-2	-8.64949E+0	4.41762E+3
6.60480E-1	-3.06022E-2	-7.65055E+0	4.41771E+3
6.61171E-1	-2.79705E-2	-6.99261E+0	4.41779E+3
6.62202E-1	-2.37932E-2	-5.94829E+0	4.41787E+3
6.62538E-1	-2.23461E-2	-5.58652E+0	4.41796E+3
6.63580E-1	-1.81612E-2	-4.54031E+0	4.41804E+3
6.63939E-1	-1.66982E-2	-4.17456E+0	4.41812E+3
6.64952E-1	-1.24245E-2	-3.10613E+0	4.41821E+3
6.65656E-1	-9.64232E-3	-2.41058E+0	4.41829E+3
6.66691E-1	-5.55892E-3	-1.38973E+0	4.41837E+3
6.67030E-1	-4.22461E-3	-1.05615E+0	4.41846E+3
6.68058E-1	-9.58647E-4	-2.39662E-1	4.41854E+3
6.68231E-1	-1.00960E-4	-2.52400E-2	4.41863E+3
6.69448E-1	2.74973E-3	6.87434E-1	4.41871E+3
6.70131E-1	6.09762E-3	1.52441E+0	4.41879E+3
6.71170E-1	1.01569E-2	2.53923E+0	4.41888E+3
6.71512E-1	1.17487E-2	2.93718E+0	4.41896E+3
6.72544E-1	1.60952E-2	4.02379E+0	4.41904E+3
6.73227E-1	1.94150E-2	4.85375E+0	4.41913E+3
6.73916E-1	2.28710E-2	5.71776E+0	4.41921E+3
6.74957E-1	2.84567E-2	7.11418E+0	4.41929E+3
6.75651E-1	3.24439E-2	8.11098E+0	4.41938E+3
6.76671E-1	3.83909E-2	9.59774E+0	4.41946E+3
6.77027E-1	4.06816E-2	1.01704E+1	4.41955E+3
6.78060E-1	4.70080E-2	1.17520E+1	4.41963E+3
6.78409E-1	4.97606E-2	1.24402E+1	4.41971E+3
6.79430E-1	5.65650E-2	1.41412E+1	4.41980E+3
6.80121E-1	6.18208E-2	1.54552E+1	4.41988E+3

